version,1.6.0
info,balls_per_over,6
info,team,Singapore
info,team,Oman
info,gender,male
info,season,2017
info,date,2017/05/27
info,event,ICC World Cricket League Division Three
info,match_number,12
info,venue,Entebbe Cricket Oval
info,city,
info,toss_winner,Oman
info,toss_decision,field
info,player_of_match,Bilal Khan
info,umpire,V Kalidas
info,umpire,WPM van Liemt
info,reserve_umpire,AW Louw
info,match_referee,D Govindjee
info,winner,Oman
info,winner_wickets,5
info,player,Singapore,S Vijayakumar
info,player,Singapore,CR Kumarage
info,player,Singapore,AE Paraam
info,player,Singapore,A Mutreja
info,player,Singapore,CR Suryawanshi
info,player,Singapore,NMS Param
info,player,Singapore,Janak Prakash
info,player,Singapore,M Dharmichand
info,player,Singapore,PA Dahiwal
info,player,Singapore,A Krishna
info,player,Singapore,S Appusamy
info,player,Oman,Khawar Ali
info,player,Oman,Jatinder Singh
info,player,Oman,Sultan Ahmed
info,player,Oman,AV Lalcheta
info,player,Oman,Naseem Khushi
info,player,Oman,Aqib Ilyas
info,player,Oman,Amir Ali
info,player,Oman,Bilal Khan
info,player,Oman,M Ansari
info,player,Oman,Zeeshan Maqsood
info,player,Oman,Mohammad Nadeem
info,registry,people,A Krishna,13598ebc
info,registry,people,A Mutreja,a2ec22d2
info,registry,people,AE Paraam,b56f5b6f
info,registry,people,AV Lalcheta,b858be20
info,registry,people,AW Louw,55053e4b
info,registry,people,Amir Ali,3748955d
info,registry,people,Aqib Ilyas,b3b39bed
info,registry,people,Bilal Khan,dcdb87f2
info,registry,people,CR Kumarage,9f9a728c
info,registry,people,CR Suryawanshi,8a3756a0
info,registry,people,D Govindjee,8b4c4069
info,registry,people,Janak Prakash,f092b4c7
info,registry,people,Jatinder Singh,b80dd12c
info,registry,people,Khawar Ali,934b36a6
info,registry,people,M Ansari,681af475
info,registry,people,M Dharmichand,1f3e6df4
info,registry,people,Mohammad Nadeem,c5d7b244
info,registry,people,NMS Param,270b4de6
info,registry,people,Naseem Khushi,c63671e9
info,registry,people,PA Dahiwal,cde6b673
info,registry,people,S Appusamy,a7d4a5e9
info,registry,people,S Vijayakumar,44c69e2b
info,registry,people,Sultan Ahmed,3bf7c034
info,registry,people,V Kalidas,42d76418
info,registry,people,WPM van Liemt,2bd48588
info,registry,people,Zeeshan Maqsood,34464143
ball,1,0.1,Singapore,S Vijayakumar,CR Kumarage,Bilal Khan,0,0,,,,,,"",""
ball,1,0.2,Singapore,S Vijayakumar,CR Kumarage,Bilal Khan,0,0,,,,,,"",""
ball,1,0.3,Singapore,S Vijayakumar,CR Kumarage,Bilal Khan,0,0,,,,,,"",""
ball,1,0.4,Singapore,S Vijayakumar,CR Kumarage,Bilal Khan,0,1,1,,,,,"",""
ball,1,0.5,Singapore,S Vijayakumar,CR Kumarage,Bilal Khan,4,0,,,,,,"",""
ball,1,0.6,Singapore,S Vijayakumar,CR Kumarage,Bilal Khan,0,0,,,,,,"",""
ball,1,0.7,Singapore,S Vijayakumar,CR Kumarage,Bilal Khan,0,0,,,,,,"",""
ball,1,1.1,Singapore,CR Kumarage,S Vijayakumar,M Ansari,0,0,,,,,,"",""
ball,1,1.2,Singapore,CR Kumarage,S Vijayakumar,M Ansari,0,0,,,,,,"",""
ball,1,1.3,Singapore,CR Kumarage,S Vijayakumar,M Ansari,0,0,,,,,,"",""
ball,1,1.4,Singapore,CR Kumarage,S Vijayakumar,M Ansari,0,0,,,,,,"",""
ball,1,1.5,Singapore,CR Kumarage,S Vijayakumar,M Ansari,1,0,,,,,,"",""
ball,1,1.6,Singapore,S Vijayakumar,CR Kumarage,M Ansari,0,0,,,,,,"",""
ball,1,2.1,Singapore,CR Kumarage,S Vijayakumar,Bilal Khan,0,0,,,,,,"",""
ball,1,2.2,Singapore,CR Kumarage,S Vijayakumar,Bilal Khan,0,0,,,,,,"",""
ball,1,2.3,Singapore,CR Kumarage,S Vijayakumar,Bilal Khan,1,0,,,,,,"",""
ball,1,2.4,Singapore,S Vijayakumar,CR Kumarage,Bilal Khan,0,0,,,,,,"",""
ball,1,2.5,Singapore,S Vijayakumar,CR Kumarage,Bilal Khan,0,0,,,,,,"",""
ball,1,2.6,Singapore,S Vijayakumar,CR Kumarage,Bilal Khan,0,0,,,,,,caught,S Vijayakumar
ball,1,3.1,Singapore,CR Kumarage,AE Paraam,M Ansari,0,0,,,,,,"",""
ball,1,3.2,Singapore,CR Kumarage,AE Paraam,M Ansari,0,0,,,,,,"",""
ball,1,3.3,Singapore,CR Kumarage,AE Paraam,M Ansari,0,0,,,,,,"",""
ball,1,3.4,Singapore,CR Kumarage,AE Paraam,M Ansari,1,0,,,,,,"",""
ball,1,3.5,Singapore,AE Paraam,CR Kumarage,M Ansari,0,0,,,,,,"",""
ball,1,3.6,Singapore,AE Paraam,CR Kumarage,M Ansari,0,0,,,,,,"",""
ball,1,4.1,Singapore,CR Kumarage,AE Paraam,Bilal Khan,0,0,,,,,,"",""
ball,1,4.2,Singapore,CR Kumarage,AE Paraam,Bilal Khan,0,0,,,,,,"",""
ball,1,4.3,Singapore,CR Kumarage,AE Paraam,Bilal Khan,4,0,,,,,,"",""
ball,1,4.4,Singapore,CR Kumarage,AE Paraam,Bilal Khan,0,0,,,,,,"",""
ball,1,4.5,Singapore,CR Kumarage,AE Paraam,Bilal Khan,0,0,,,,,,"",""
ball,1,4.6,Singapore,CR Kumarage,AE Paraam,Bilal Khan,0,0,,,,,,"",""
ball,1,5.1,Singapore,AE Paraam,CR Kumarage,M Ansari,0,0,,,,,,"",""
ball,1,5.2,Singapore,AE Paraam,CR Kumarage,M Ansari,0,0,,,,,,"",""
ball,1,5.3,Singapore,AE Paraam,CR Kumarage,M Ansari,0,0,,,,,,"",""
ball,1,5.4,Singapore,AE Paraam,CR Kumarage,M Ansari,1,0,,,,,,"",""
ball,1,5.5,Singapore,CR Kumarage,AE Paraam,M Ansari,0,0,,,,,,"",""
ball,1,5.6,Singapore,CR Kumarage,AE Paraam,M Ansari,0,0,,,,,,"",""
ball,1,6.1,Singapore,AE Paraam,CR Kumarage,Bilal Khan,0,0,,,,,,"",""
ball,1,6.2,Singapore,AE Paraam,CR Kumarage,Bilal Khan,0,0,,,,,,"",""
ball,1,6.3,Singapore,AE Paraam,CR Kumarage,Bilal Khan,3,0,,,,,,"",""
ball,1,6.4,Singapore,CR Kumarage,AE Paraam,Bilal Khan,0,0,,,,,,"",""
ball,1,6.5,Singapore,CR Kumarage,AE Paraam,Bilal Khan,4,0,,,,,,"",""
ball,1,6.6,Singapore,CR Kumarage,AE Paraam,Bilal Khan,0,0,,,,,,"",""
ball,1,7.1,Singapore,AE Paraam,CR Kumarage,M Ansari,4,0,,,,,,"",""
ball,1,7.2,Singapore,AE Paraam,CR Kumarage,M Ansari,0,0,,,,,,"",""
ball,1,7.3,Singapore,AE Paraam,CR Kumarage,M Ansari,0,0,,,,,,"",""
ball,1,7.4,Singapore,AE Paraam,CR Kumarage,M Ansari,0,0,,,,,,"",""
ball,1,7.5,Singapore,AE Paraam,CR Kumarage,M Ansari,0,0,,,,,,"",""
ball,1,7.6,Singapore,AE Paraam,CR Kumarage,M Ansari,0,0,,,,,,"",""
ball,1,8.1,Singapore,CR Kumarage,AE Paraam,Bilal Khan,0,0,,,,,,"",""
ball,1,8.2,Singapore,CR Kumarage,AE Paraam,Bilal Khan,0,0,,,,,,"",""
ball,1,8.3,Singapore,CR Kumarage,AE Paraam,Bilal Khan,0,0,,,,,,"",""
ball,1,8.4,Singapore,CR Kumarage,AE Paraam,Bilal Khan,0,0,,,,,,caught,CR Kumarage
ball,1,8.5,Singapore,A Mutreja,AE Paraam,Bilal Khan,0,0,,,,,,"",""
ball,1,8.6,Singapore,A Mutreja,AE Paraam,Bilal Khan,0,0,,,,,,"",""
ball,1,9.1,Singapore,AE Paraam,A Mutreja,M Ansari,0,0,,,,,,"",""
ball,1,9.2,Singapore,AE Paraam,A Mutreja,M Ansari,0,0,,,,,,"",""
ball,1,9.3,Singapore,AE Paraam,A Mutreja,M Ansari,0,0,,,,,,"",""
ball,1,9.4,Singapore,AE Paraam,A Mutreja,M Ansari,2,0,,,,,,"",""
ball,1,9.5,Singapore,AE Paraam,A Mutreja,M Ansari,0,0,,,,,,"",""
ball,1,9.6,Singapore,AE Paraam,A Mutreja,M Ansari,0,0,,,,,,"",""
ball,1,10.1,Singapore,A Mutreja,AE Paraam,Bilal Khan,0,0,,,,,,"",""
ball,1,10.2,Singapore,A Mutreja,AE Paraam,Bilal Khan,0,0,,,,,,"",""
ball,1,10.3,Singapore,A Mutreja,AE Paraam,Bilal Khan,1,0,,,,,,"",""
ball,1,10.4,Singapore,AE Paraam,A Mutreja,Bilal Khan,1,0,,,,,,"",""
ball,1,10.5,Singapore,A Mutreja,AE Paraam,Bilal Khan,0,0,,,,,,"",""
ball,1,10.6,Singapore,A Mutreja,AE Paraam,Bilal Khan,0,0,,,,,,"",""
ball,1,11.1,Singapore,AE Paraam,A Mutreja,Mohammad Nadeem,0,0,,,,,,"",""
ball,1,11.2,Singapore,AE Paraam,A Mutreja,Mohammad Nadeem,0,0,,,,,,"",""
ball,1,11.3,Singapore,AE Paraam,A Mutreja,Mohammad Nadeem,0,0,,,,,,"",""
ball,1,11.4,Singapore,AE Paraam,A Mutreja,Mohammad Nadeem,2,0,,,,,,"",""
ball,1,11.5,Singapore,AE Paraam,A Mutreja,Mohammad Nadeem,1,0,,,,,,"",""
ball,1,11.6,Singapore,A Mutreja,AE Paraam,Mohammad Nadeem,0,0,,,,,,"",""
ball,1,12.1,Singapore,AE Paraam,A Mutreja,AV Lalcheta,0,0,,,,,,"",""
ball,1,12.2,Singapore,AE Paraam,A Mutreja,AV Lalcheta,1,0,,,,,,"",""
ball,1,12.3,Singapore,A Mutreja,AE Paraam,AV Lalcheta,0,0,,,,,,"",""
ball,1,12.4,Singapore,A Mutreja,AE Paraam,AV Lalcheta,0,0,,,,,,"",""
ball,1,12.5,Singapore,A Mutreja,AE Paraam,AV Lalcheta,0,0,,,,,,"",""
ball,1,12.6,Singapore,A Mutreja,AE Paraam,AV Lalcheta,1,0,,,,,,"",""
ball,1,13.1,Singapore,A Mutreja,AE Paraam,Mohammad Nadeem,0,0,,,,,,"",""
ball,1,13.2,Singapore,A Mutreja,AE Paraam,Mohammad Nadeem,0,0,,,,,,"",""
ball,1,13.3,Singapore,A Mutreja,AE Paraam,Mohammad Nadeem,0,0,,,,,,"",""
ball,1,13.4,Singapore,A Mutreja,AE Paraam,Mohammad Nadeem,1,0,,,,,,"",""
ball,1,13.5,Singapore,A Mutreja,AE Paraam,Mohammad Nadeem,0,0,,,,,,"",""
ball,1,13.6,Singapore,A Mutreja,AE Paraam,Mohammad Nadeem,1,0,,,,,,"",""
ball,1,14.1,Singapore,A Mutreja,AE Paraam,AV Lalcheta,0,0,,,,,,stumped,A Mutreja
ball,1,14.2,Singapore,CR Suryawanshi,AE Paraam,AV Lalcheta,0,0,,,,,,"",""
ball,1,14.3,Singapore,CR Suryawanshi,AE Paraam,AV Lalcheta,0,0,,,,,,"",""
ball,1,14.4,Singapore,CR Suryawanshi,AE Paraam,AV Lalcheta,4,0,,,,,,"",""
ball,1,14.5,Singapore,CR Suryawanshi,AE Paraam,AV Lalcheta,0,0,,,,,,"",""
ball,1,14.6,Singapore,CR Suryawanshi,AE Paraam,AV Lalcheta,0,0,,,,,,"",""
ball,1,15.1,Singapore,AE Paraam,CR Suryawanshi,Mohammad Nadeem,1,0,,,,,,"",""
ball,1,15.2,Singapore,CR Suryawanshi,AE Paraam,Mohammad Nadeem,1,0,,,,,,"",""
ball,1,15.3,Singapore,AE Paraam,CR Suryawanshi,Mohammad Nadeem,0,0,,,,,,"",""
ball,1,15.4,Singapore,AE Paraam,CR Suryawanshi,Mohammad Nadeem,0,1,1,,,,,"",""
ball,1,15.5,Singapore,AE Paraam,CR Suryawanshi,Mohammad Nadeem,0,0,,,,,,"",""
ball,1,15.6,Singapore,AE Paraam,CR Suryawanshi,Mohammad Nadeem,0,0,,,,,,"",""
ball,1,15.7,Singapore,AE Paraam,CR Suryawanshi,Mohammad Nadeem,0,0,,,,,,"",""
ball,1,16.1,Singapore,CR Suryawanshi,AE Paraam,AV Lalcheta,0,0,,,,,,"",""
ball,1,16.2,Singapore,CR Suryawanshi,AE Paraam,AV Lalcheta,1,0,,,,,,"",""
ball,1,16.3,Singapore,AE Paraam,CR Suryawanshi,AV Lalcheta,0,0,,,,,,"",""
ball,1,16.4,Singapore,AE Paraam,CR Suryawanshi,AV Lalcheta,0,0,,,,,,"",""
ball,1,16.5,Singapore,AE Paraam,CR Suryawanshi,AV Lalcheta,0,0,,,,,,"",""
ball,1,16.6,Singapore,AE Paraam,CR Suryawanshi,AV Lalcheta,1,0,,,,,,"",""
ball,1,17.1,Singapore,AE Paraam,CR Suryawanshi,Mohammad Nadeem,2,0,,,,,,"",""
ball,1,17.2,Singapore,AE Paraam,CR Suryawanshi,Mohammad Nadeem,0,0,,,,,,"",""
ball,1,17.3,Singapore,AE Paraam,CR Suryawanshi,Mohammad Nadeem,0,0,,,,,,"",""
ball,1,17.4,Singapore,AE Paraam,CR Suryawanshi,Mohammad Nadeem,0,0,,,,,,"",""
ball,1,17.5,Singapore,AE Paraam,CR Suryawanshi,Mohammad Nadeem,4,0,,,,,,"",""
ball,1,17.6,Singapore,AE Paraam,CR Suryawanshi,Mohammad Nadeem,0,0,,,,,,"",""
ball,1,18.1,Singapore,CR Suryawanshi,AE Paraam,AV Lalcheta,1,0,,,,,,"",""
ball,1,18.2,Singapore,AE Paraam,CR Suryawanshi,AV Lalcheta,1,0,,,,,,"",""
ball,1,18.3,Singapore,CR Suryawanshi,AE Paraam,AV Lalcheta,0,0,,,,,,"",""
ball,1,18.4,Singapore,CR Suryawanshi,AE Paraam,AV Lalcheta,3,0,,,,,,"",""
ball,1,18.5,Singapore,AE Paraam,CR Suryawanshi,AV Lalcheta,0,0,,,,,,"",""
ball,1,18.6,Singapore,AE Paraam,CR Suryawanshi,AV Lalcheta,0,0,,,,,,"",""
ball,1,19.1,Singapore,CR Suryawanshi,AE Paraam,Mohammad Nadeem,1,0,,,,,,"",""
ball,1,19.2,Singapore,AE Paraam,CR Suryawanshi,Mohammad Nadeem,0,0,,,,,,"",""
ball,1,19.3,Singapore,AE Paraam,CR Suryawanshi,Mohammad Nadeem,0,0,,,,,,"",""
ball,1,19.4,Singapore,AE Paraam,CR Suryawanshi,Mohammad Nadeem,0,0,,,,,,"",""
ball,1,19.5,Singapore,AE Paraam,CR Suryawanshi,Mohammad Nadeem,0,0,,,,,,"",""
ball,1,19.6,Singapore,AE Paraam,CR Suryawanshi,Mohammad Nadeem,0,0,,,,,,"",""
ball,1,20.1,Singapore,CR Suryawanshi,AE Paraam,AV Lalcheta,0,0,,,,,,"",""
ball,1,20.2,Singapore,CR Suryawanshi,AE Paraam,AV Lalcheta,0,0,,,,,,"",""
ball,1,20.3,Singapore,CR Suryawanshi,AE Paraam,AV Lalcheta,0,0,,,,,,"",""
ball,1,20.4,Singapore,CR Suryawanshi,AE Paraam,AV Lalcheta,0,0,,,,,,"",""
ball,1,20.5,Singapore,CR Suryawanshi,AE Paraam,AV Lalcheta,1,0,,,,,,"",""
ball,1,20.6,Singapore,AE Paraam,CR Suryawanshi,AV Lalcheta,0,0,,,,,,"",""
ball,1,21.1,Singapore,CR Suryawanshi,AE Paraam,Mohammad Nadeem,0,0,,,,,,"",""
ball,1,21.2,Singapore,CR Suryawanshi,AE Paraam,Mohammad Nadeem,0,0,,,,,,"",""
ball,1,21.3,Singapore,CR Suryawanshi,AE Paraam,Mohammad Nadeem,0,0,,,,,,"",""
ball,1,21.4,Singapore,CR Suryawanshi,AE Paraam,Mohammad Nadeem,0,0,,,,,,"",""
ball,1,21.5,Singapore,CR Suryawanshi,AE Paraam,Mohammad Nadeem,0,0,,,,,,"",""
ball,1,21.6,Singapore,CR Suryawanshi,AE Paraam,Mohammad Nadeem,0,0,,,,,,"",""
ball,1,22.1,Singapore,AE Paraam,CR Suryawanshi,AV Lalcheta,1,0,,,,,,"",""
ball,1,22.2,Singapore,CR Suryawanshi,AE Paraam,AV Lalcheta,1,0,,,,,,"",""
ball,1,22.3,Singapore,AE Paraam,CR Suryawanshi,AV Lalcheta,0,0,,,,,,"",""
ball,1,22.4,Singapore,AE Paraam,CR Suryawanshi,AV Lalcheta,2,0,,,,,,"",""
ball,1,22.5,Singapore,AE Paraam,CR Suryawanshi,AV Lalcheta,1,0,,,,,,"",""
ball,1,22.6,Singapore,CR Suryawanshi,AE Paraam,AV Lalcheta,0,0,,,,,,"",""
ball,1,23.1,Singapore,AE Paraam,CR Suryawanshi,Mohammad Nadeem,1,0,,,,,,"",""
ball,1,23.2,Singapore,CR Suryawanshi,AE Paraam,Mohammad Nadeem,1,0,,,,,,"",""
ball,1,23.3,Singapore,AE Paraam,CR Suryawanshi,Mohammad Nadeem,0,0,,,,,,"",""
ball,1,23.4,Singapore,AE Paraam,CR Suryawanshi,Mohammad Nadeem,1,0,,,,,,"",""
ball,1,23.5,Singapore,CR Suryawanshi,AE Paraam,Mohammad Nadeem,0,0,,,,,,"",""
ball,1,23.6,Singapore,CR Suryawanshi,AE Paraam,Mohammad Nadeem,1,0,,,,,,"",""
ball,1,24.1,Singapore,CR Suryawanshi,AE Paraam,Khawar Ali,1,0,,,,,,"",""
ball,1,24.2,Singapore,AE Paraam,CR Suryawanshi,Khawar Ali,0,0,,,,,,"",""
ball,1,24.3,Singapore,AE Paraam,CR Suryawanshi,Khawar Ali,0,0,,,,,,"",""
ball,1,24.4,Singapore,AE Paraam,CR Suryawanshi,Khawar Ali,1,0,,,,,,"",""
ball,1,24.5,Singapore,CR Suryawanshi,AE Paraam,Khawar Ali,2,0,,,,,,"",""
ball,1,24.6,Singapore,CR Suryawanshi,AE Paraam,Khawar Ali,4,0,,,,,,"",""
ball,1,25.1,Singapore,AE Paraam,CR Suryawanshi,Mohammad Nadeem,2,0,,,,,,"",""
ball,1,25.2,Singapore,AE Paraam,CR Suryawanshi,Mohammad Nadeem,0,0,,,,,,"",""
ball,1,25.3,Singapore,AE Paraam,CR Suryawanshi,Mohammad Nadeem,0,0,,,,,,"",""
ball,1,25.4,Singapore,AE Paraam,CR Suryawanshi,Mohammad Nadeem,0,0,,,,,,"",""
ball,1,25.5,Singapore,AE Paraam,CR Suryawanshi,Mohammad Nadeem,0,0,,,,,,"",""
ball,1,25.6,Singapore,AE Paraam,CR Suryawanshi,Mohammad Nadeem,0,1,1,,,,,"",""
ball,1,25.7,Singapore,AE Paraam,CR Suryawanshi,Mohammad Nadeem,0,0,,,,,,"",""
ball,1,26.1,Singapore,CR Suryawanshi,AE Paraam,Khawar Ali,0,0,,,,,,"",""
ball,1,26.2,Singapore,CR Suryawanshi,AE Paraam,Khawar Ali,1,0,,,,,,"",""
ball,1,26.3,Singapore,AE Paraam,CR Suryawanshi,Khawar Ali,0,0,,,,,,"",""
ball,1,26.4,Singapore,AE Paraam,CR Suryawanshi,Khawar Ali,0,0,,,,,,"",""
ball,1,26.5,Singapore,AE Paraam,CR Suryawanshi,Khawar Ali,1,0,,,,,,"",""
ball,1,26.6,Singapore,CR Suryawanshi,AE Paraam,Khawar Ali,1,0,,,,,,"",""
ball,1,27.1,Singapore,CR Suryawanshi,AE Paraam,Mohammad Nadeem,0,0,,,,,,"",""
ball,1,27.2,Singapore,CR Suryawanshi,AE Paraam,Mohammad Nadeem,0,0,,,,,,"",""
ball,1,27.3,Singapore,CR Suryawanshi,AE Paraam,Mohammad Nadeem,0,0,,,,,,"",""
ball,1,27.4,Singapore,CR Suryawanshi,AE Paraam,Mohammad Nadeem,3,0,,,,,,"",""
ball,1,27.5,Singapore,AE Paraam,CR Suryawanshi,Mohammad Nadeem,0,0,,,,,,caught,AE Paraam
ball,1,27.6,Singapore,CR Suryawanshi,NMS Param,Mohammad Nadeem,0,0,,,,,,"",""
ball,1,28.1,Singapore,NMS Param,CR Suryawanshi,Khawar Ali,0,0,,,,,,"",""
ball,1,28.2,Singapore,NMS Param,CR Suryawanshi,Khawar Ali,0,0,,,,,,"",""
ball,1,28.3,Singapore,NMS Param,CR Suryawanshi,Khawar Ali,0,0,,,,,,"",""
ball,1,28.4,Singapore,NMS Param,CR Suryawanshi,Khawar Ali,0,0,,,,,,"",""
ball,1,28.5,Singapore,NMS Param,CR Suryawanshi,Khawar Ali,1,0,,,,,,"",""
ball,1,28.6,Singapore,CR Suryawanshi,NMS Param,Khawar Ali,1,0,,,,,,"",""
ball,1,29.1,Singapore,CR Suryawanshi,NMS Param,Mohammad Nadeem,1,0,,,,,,"",""
ball,1,29.2,Singapore,NMS Param,CR Suryawanshi,Mohammad Nadeem,0,0,,,,,,lbw,NMS Param
ball,1,29.3,Singapore,Janak Prakash,CR Suryawanshi,Mohammad Nadeem,1,0,,,,,,"",""
ball,1,29.4,Singapore,CR Suryawanshi,Janak Prakash,Mohammad Nadeem,0,0,,,,,,"",""
ball,1,29.5,Singapore,CR Suryawanshi,Janak Prakash,Mohammad Nadeem,0,0,,,,,,"",""
ball,1,29.6,Singapore,CR Suryawanshi,Janak Prakash,Mohammad Nadeem,1,0,,,,,,"",""
ball,1,30.1,Singapore,CR Suryawanshi,Janak Prakash,Khawar Ali,0,0,,,,,,"",""
ball,1,30.2,Singapore,CR Suryawanshi,Janak Prakash,Khawar Ali,0,0,,,,,,caught,CR Suryawanshi
ball,1,30.3,Singapore,M Dharmichand,Janak Prakash,Khawar Ali,2,0,,,,,,"",""
ball,1,30.4,Singapore,M Dharmichand,Janak Prakash,Khawar Ali,2,0,,,,,,"",""
ball,1,30.5,Singapore,M Dharmichand,Janak Prakash,Khawar Ali,0,0,,,,,,"",""
ball,1,30.6,Singapore,M Dharmichand,Janak Prakash,Khawar Ali,0,0,,,,,,lbw,M Dharmichand
ball,1,31.1,Singapore,Janak Prakash,PA Dahiwal,M Ansari,0,0,,,,,,"",""
ball,1,31.2,Singapore,Janak Prakash,PA Dahiwal,M Ansari,0,0,,,,,,"",""
ball,1,31.3,Singapore,Janak Prakash,PA Dahiwal,M Ansari,0,0,,,,,,"",""
ball,1,31.4,Singapore,Janak Prakash,PA Dahiwal,M Ansari,0,0,,,,,,"",""
ball,1,31.5,Singapore,Janak Prakash,PA Dahiwal,M Ansari,0,0,,,,,,"",""
ball,1,31.6,Singapore,Janak Prakash,PA Dahiwal,M Ansari,0,0,,,,,,"",""
ball,1,32.1,Singapore,PA Dahiwal,Janak Prakash,Khawar Ali,0,0,,,,,,"",""
ball,1,32.2,Singapore,PA Dahiwal,Janak Prakash,Khawar Ali,0,0,,,,,,"",""
ball,1,32.3,Singapore,PA Dahiwal,Janak Prakash,Khawar Ali,1,0,,,,,,"",""
ball,1,32.4,Singapore,Janak Prakash,PA Dahiwal,Khawar Ali,0,0,,,,,,"",""
ball,1,32.5,Singapore,Janak Prakash,PA Dahiwal,Khawar Ali,0,0,,,,,,"",""
ball,1,32.6,Singapore,Janak Prakash,PA Dahiwal,Khawar Ali,1,0,,,,,,"",""
ball,1,33.1,Singapore,Janak Prakash,PA Dahiwal,M Ansari,0,0,,,,,,"",""
ball,1,33.2,Singapore,Janak Prakash,PA Dahiwal,M Ansari,0,1,1,,,,,"",""
ball,1,33.3,Singapore,Janak Prakash,PA Dahiwal,M Ansari,0,0,,,,,,"",""
ball,1,33.4,Singapore,Janak Prakash,PA Dahiwal,M Ansari,0,0,,,,,,"",""
ball,1,33.5,Singapore,Janak Prakash,PA Dahiwal,M Ansari,0,0,,,,,,"",""
ball,1,33.6,Singapore,Janak Prakash,PA Dahiwal,M Ansari,0,0,,,,,,"",""
ball,1,33.7,Singapore,Janak Prakash,PA Dahiwal,M Ansari,0,0,,,,,,"",""
ball,1,34.1,Singapore,PA Dahiwal,Janak Prakash,Khawar Ali,0,0,,,,,,"",""
ball,1,34.2,Singapore,PA Dahiwal,Janak Prakash,Khawar Ali,0,0,,,,,,"",""
ball,1,34.3,Singapore,PA Dahiwal,Janak Prakash,Khawar Ali,1,0,,,,,,"",""
ball,1,34.4,Singapore,Janak Prakash,PA Dahiwal,Khawar Ali,0,0,,,,,,"",""
ball,1,34.5,Singapore,Janak Prakash,PA Dahiwal,Khawar Ali,0,0,,,,,,"",""
ball,1,34.6,Singapore,Janak Prakash,PA Dahiwal,Khawar Ali,1,0,,,,,,"",""
ball,1,35.1,Singapore,Janak Prakash,PA Dahiwal,Bilal Khan,0,0,,,,,,bowled,Janak Prakash
ball,1,35.2,Singapore,A Krishna,PA Dahiwal,Bilal Khan,0,0,,,,,,"",""
ball,1,35.3,Singapore,A Krishna,PA Dahiwal,Bilal Khan,0,0,,,,,,"",""
ball,1,35.4,Singapore,A Krishna,PA Dahiwal,Bilal Khan,0,0,,,,,,"",""
ball,1,35.5,Singapore,A Krishna,PA Dahiwal,Bilal Khan,0,0,,,,,,"",""
ball,1,35.6,Singapore,A Krishna,PA Dahiwal,Bilal Khan,0,0,,,,,,bowled,A Krishna
ball,1,36.1,Singapore,PA Dahiwal,S Appusamy,Khawar Ali,1,0,,,,,,"",""
ball,1,36.2,Singapore,S Appusamy,PA Dahiwal,Khawar Ali,0,0,,,,,,"",""
ball,1,36.3,Singapore,S Appusamy,PA Dahiwal,Khawar Ali,1,0,,,,,,"",""
ball,1,36.4,Singapore,PA Dahiwal,S Appusamy,Khawar Ali,0,0,,,,,,"",""
ball,1,36.5,Singapore,PA Dahiwal,S Appusamy,Khawar Ali,1,0,,,,,,"",""
ball,1,36.6,Singapore,S Appusamy,PA Dahiwal,Khawar Ali,0,0,,,,,,"",""
ball,1,37.1,Singapore,PA Dahiwal,S Appusamy,Bilal Khan,0,0,,,,,,caught,PA Dahiwal
ball,2,0.1,Oman,Khawar Ali,Jatinder Singh,Janak Prakash,0,0,,,,,,"",""
ball,2,0.2,Oman,Khawar Ali,Jatinder Singh,Janak Prakash,0,0,,,,,,caught,Khawar Ali
ball,2,0.3,Oman,Sultan Ahmed,Jatinder Singh,Janak Prakash,0,0,,,,,,"",""
ball,2,0.4,Oman,Sultan Ahmed,Jatinder Singh,Janak Prakash,1,0,,,,,,"",""
ball,2,0.5,Oman,Jatinder Singh,Sultan Ahmed,Janak Prakash,0,0,,,,,,"",""
ball,2,0.6,Oman,Jatinder Singh,Sultan Ahmed,Janak Prakash,0,0,,,,,,"",""
ball,2,1.1,Oman,Sultan Ahmed,Jatinder Singh,S Appusamy,0,0,,,,,,"",""
ball,2,1.2,Oman,Sultan Ahmed,Jatinder Singh,S Appusamy,4,0,,,,,,"",""
ball,2,1.3,Oman,Sultan Ahmed,Jatinder Singh,S Appusamy,0,0,,,,,,"",""
ball,2,1.4,Oman,Sultan Ahmed,Jatinder Singh,S Appusamy,1,0,,,,,,"",""
ball,2,1.5,Oman,Jatinder Singh,Sultan Ahmed,S Appusamy,0,0,,,,,,caught,Jatinder Singh
ball,2,1.6,Oman,AV Lalcheta,Sultan Ahmed,S Appusamy,1,0,,,,,,"",""
ball,2,2.1,Oman,AV Lalcheta,Sultan Ahmed,Janak Prakash,0,0,,,,,,"",""
ball,2,2.2,Oman,AV Lalcheta,Sultan Ahmed,Janak Prakash,0,0,,,,,,"",""
ball,2,2.3,Oman,AV Lalcheta,Sultan Ahmed,Janak Prakash,0,0,,,,,,"",""
ball,2,2.4,Oman,AV Lalcheta,Sultan Ahmed,Janak Prakash,0,0,,,,,,"",""
ball,2,2.5,Oman,AV Lalcheta,Sultan Ahmed,Janak Prakash,0,0,,,,,,"",""
ball,2,2.6,Oman,AV Lalcheta,Sultan Ahmed,Janak Prakash,0,0,,,,,,"",""
ball,2,3.1,Oman,Sultan Ahmed,AV Lalcheta,S Appusamy,4,0,,,,,,"",""
ball,2,3.2,Oman,Sultan Ahmed,AV Lalcheta,S Appusamy,0,0,,,,,,"",""
ball,2,3.3,Oman,Sultan Ahmed,AV Lalcheta,S Appusamy,0,0,,,,,,"",""
ball,2,3.4,Oman,Sultan Ahmed,AV Lalcheta,S Appusamy,0,0,,,,,,"",""
ball,2,3.5,Oman,Sultan Ahmed,AV Lalcheta,S Appusamy,0,0,,,,,,"",""
ball,2,3.6,Oman,Sultan Ahmed,AV Lalcheta,S Appusamy,0,0,,,,,,"",""
ball,2,4.1,Oman,AV Lalcheta,Sultan Ahmed,Janak Prakash,0,0,,,,,,"",""
ball,2,4.2,Oman,AV Lalcheta,Sultan Ahmed,Janak Prakash,2,0,,,,,,"",""
ball,2,4.3,Oman,AV Lalcheta,Sultan Ahmed,Janak Prakash,2,0,,,,,,"",""
ball,2,4.4,Oman,AV Lalcheta,Sultan Ahmed,Janak Prakash,3,0,,,,,,"",""
ball,2,4.5,Oman,Sultan Ahmed,AV Lalcheta,Janak Prakash,0,0,,,,,,"",""
ball,2,4.6,Oman,Sultan Ahmed,AV Lalcheta,Janak Prakash,0,0,,,,,,"",""
ball,2,5.1,Oman,AV Lalcheta,Sultan Ahmed,S Vijayakumar,0,0,,,,,,"",""
ball,2,5.2,Oman,AV Lalcheta,Sultan Ahmed,S Vijayakumar,0,0,,,,,,"",""
ball,2,5.3,Oman,AV Lalcheta,Sultan Ahmed,S Vijayakumar,4,0,,,,,,"",""
ball,2,5.4,Oman,AV Lalcheta,Sultan Ahmed,S Vijayakumar,0,0,,,,,,"",""
ball,2,5.5,Oman,AV Lalcheta,Sultan Ahmed,S Vijayakumar,0,0,,,,,,"",""
ball,2,5.6,Oman,AV Lalcheta,Sultan Ahmed,S Vijayakumar,0,0,,,,,,"",""
ball,2,6.1,Oman,Sultan Ahmed,AV Lalcheta,Janak Prakash,4,0,,,,,,"",""
ball,2,6.2,Oman,Sultan Ahmed,AV Lalcheta,Janak Prakash,0,0,,,,,,"",""
ball,2,6.3,Oman,Sultan Ahmed,AV Lalcheta,Janak Prakash,0,0,,,,,,"",""
ball,2,6.4,Oman,Sultan Ahmed,AV Lalcheta,Janak Prakash,2,0,,,,,,"",""
ball,2,6.5,Oman,Sultan Ahmed,AV Lalcheta,Janak Prakash,0,0,,,,,,"",""
ball,2,6.6,Oman,Sultan Ahmed,AV Lalcheta,Janak Prakash,0,0,,,,,,"",""
ball,2,7.1,Oman,AV Lalcheta,Sultan Ahmed,S Appusamy,0,0,,,,,,"",""
ball,2,7.2,Oman,AV Lalcheta,Sultan Ahmed,S Appusamy,0,1,1,,,,,"",""
ball,2,7.3,Oman,AV Lalcheta,Sultan Ahmed,S Appusamy,0,0,,,,,,"",""
ball,2,7.4,Oman,AV Lalcheta,Sultan Ahmed,S Appusamy,4,0,,,,,,"",""
ball,2,7.5,Oman,AV Lalcheta,Sultan Ahmed,S Appusamy,0,0,,,,,,"",""
ball,2,7.6,Oman,AV Lalcheta,Sultan Ahmed,S Appusamy,0,0,,,,,,"",""
ball,2,7.7,Oman,AV Lalcheta,Sultan Ahmed,S Appusamy,0,0,,,,,,"",""
ball,2,8.1,Oman,Sultan Ahmed,AV Lalcheta,PA Dahiwal,0,0,,,,,,"",""
ball,2,8.2,Oman,Sultan Ahmed,AV Lalcheta,PA Dahiwal,0,0,,,,,,"",""
ball,2,8.3,Oman,Sultan Ahmed,AV Lalcheta,PA Dahiwal,0,0,,,,,,"",""
ball,2,8.4,Oman,Sultan Ahmed,AV Lalcheta,PA Dahiwal,0,0,,,,,,"",""
ball,2,8.5,Oman,Sultan Ahmed,AV Lalcheta,PA Dahiwal,0,0,,,,,,"",""
ball,2,8.6,Oman,Sultan Ahmed,AV Lalcheta,PA Dahiwal,2,0,,,,,,"",""
ball,2,9.1,Oman,AV Lalcheta,Sultan Ahmed,S Vijayakumar,4,0,,,,,,"",""
ball,2,9.2,Oman,AV Lalcheta,Sultan Ahmed,S Vijayakumar,0,0,,,,,,"",""
ball,2,9.3,Oman,AV Lalcheta,Sultan Ahmed,S Vijayakumar,0,0,,,,,,"",""
ball,2,9.4,Oman,AV Lalcheta,Sultan Ahmed,S Vijayakumar,1,0,,,,,,"",""
ball,2,9.5,Oman,Sultan Ahmed,AV Lalcheta,S Vijayakumar,1,0,,,,,,"",""
ball,2,9.6,Oman,AV Lalcheta,Sultan Ahmed,S Vijayakumar,0,0,,,,,,"",""
ball,2,10.1,Oman,Sultan Ahmed,AV Lalcheta,PA Dahiwal,0,0,,,,,,"",""
ball,2,10.2,Oman,Sultan Ahmed,AV Lalcheta,PA Dahiwal,0,0,,,,,,"",""
ball,2,10.3,Oman,Sultan Ahmed,AV Lalcheta,PA Dahiwal,0,0,,,,,,"",""
ball,2,10.4,Oman,Sultan Ahmed,AV Lalcheta,PA Dahiwal,0,0,,,,,,"",""
ball,2,10.5,Oman,Sultan Ahmed,AV Lalcheta,PA Dahiwal,0,0,,,,,,"",""
ball,2,10.6,Oman,Sultan Ahmed,AV Lalcheta,PA Dahiwal,0,0,,,,,,"",""
ball,2,11.1,Oman,AV Lalcheta,Sultan Ahmed,M Dharmichand,0,0,,,,,,"",""
ball,2,11.2,Oman,AV Lalcheta,Sultan Ahmed,M Dharmichand,0,0,,,,,,"",""
ball,2,11.3,Oman,AV Lalcheta,Sultan Ahmed,M Dharmichand,0,0,,,,,,"",""
ball,2,11.4,Oman,AV Lalcheta,Sultan Ahmed,M Dharmichand,0,0,,,,,,"",""
ball,2,11.5,Oman,AV Lalcheta,Sultan Ahmed,M Dharmichand,0,0,,,,,,"",""
ball,2,11.6,Oman,AV Lalcheta,Sultan Ahmed,M Dharmichand,0,0,,,,,,"",""
ball,2,12.1,Oman,Sultan Ahmed,AV Lalcheta,PA Dahiwal,1,0,,,,,,"",""
ball,2,12.2,Oman,AV Lalcheta,Sultan Ahmed,PA Dahiwal,0,0,,,,,,"",""
ball,2,12.3,Oman,AV Lalcheta,Sultan Ahmed,PA Dahiwal,0,0,,,,,,"",""
ball,2,12.4,Oman,AV Lalcheta,Sultan Ahmed,PA Dahiwal,0,0,,,,,,"",""
ball,2,12.5,Oman,AV Lalcheta,Sultan Ahmed,PA Dahiwal,0,1,1,,,,,"",""
ball,2,12.6,Oman,AV Lalcheta,Sultan Ahmed,PA Dahiwal,0,0,,,,,,"",""
ball,2,12.7,Oman,AV Lalcheta,Sultan Ahmed,PA Dahiwal,0,0,,,,,,"",""
ball,2,13.1,Oman,Sultan Ahmed,AV Lalcheta,M Dharmichand,2,0,,,,,,"",""
ball,2,13.2,Oman,Sultan Ahmed,AV Lalcheta,M Dharmichand,0,0,,,,,,"",""
ball,2,13.3,Oman,Sultan Ahmed,AV Lalcheta,M Dharmichand,0,1,1,,,,,"",""
ball,2,13.4,Oman,Sultan Ahmed,AV Lalcheta,M Dharmichand,0,0,,,,,,"",""
ball,2,13.5,Oman,Sultan Ahmed,AV Lalcheta,M Dharmichand,0,0,,,,,,"",""
ball,2,13.6,Oman,Sultan Ahmed,AV Lalcheta,M Dharmichand,0,0,,,,,,"",""
ball,2,13.7,Oman,Sultan Ahmed,AV Lalcheta,M Dharmichand,0,0,,,,,,"",""
ball,2,14.1,Oman,AV Lalcheta,Sultan Ahmed,PA Dahiwal,4,0,,,,,,"",""
ball,2,14.2,Oman,AV Lalcheta,Sultan Ahmed,PA Dahiwal,0,0,,,,,,"",""
ball,2,14.3,Oman,AV Lalcheta,Sultan Ahmed,PA Dahiwal,0,0,,,,,,"",""
ball,2,14.4,Oman,AV Lalcheta,Sultan Ahmed,PA Dahiwal,0,0,,,,,,"",""
ball,2,14.5,Oman,AV Lalcheta,Sultan Ahmed,PA Dahiwal,0,0,,,,,,"",""
ball,2,14.6,Oman,AV Lalcheta,Sultan Ahmed,PA Dahiwal,0,0,,,,,,"",""
ball,2,15.1,Oman,Sultan Ahmed,AV Lalcheta,M Dharmichand,0,0,,,,,,"",""
ball,2,15.2,Oman,Sultan Ahmed,AV Lalcheta,M Dharmichand,0,0,,,,,,"",""
ball,2,15.3,Oman,Sultan Ahmed,AV Lalcheta,M Dharmichand,0,0,,,,,,"",""
ball,2,15.4,Oman,Sultan Ahmed,AV Lalcheta,M Dharmichand,0,0,,,,,,"",""
ball,2,15.5,Oman,Sultan Ahmed,AV Lalcheta,M Dharmichand,1,0,,,,,,"",""
ball,2,15.6,Oman,AV Lalcheta,Sultan Ahmed,M Dharmichand,2,0,,,,,,"",""
ball,2,16.1,Oman,Sultan Ahmed,AV Lalcheta,A Krishna,0,0,,,,,,"",""
ball,2,16.2,Oman,Sultan Ahmed,AV Lalcheta,A Krishna,1,0,,,,,,"",""
ball,2,16.3,Oman,AV Lalcheta,Sultan Ahmed,A Krishna,0,0,,,,,,"",""
ball,2,16.4,Oman,AV Lalcheta,Sultan Ahmed,A Krishna,1,0,,,,,,"",""
ball,2,16.5,Oman,Sultan Ahmed,AV Lalcheta,A Krishna,4,0,,,,,,"",""
ball,2,16.6,Oman,Sultan Ahmed,AV Lalcheta,A Krishna,0,0,,,,,,"",""
ball,2,17.1,Oman,AV Lalcheta,Sultan Ahmed,M Dharmichand,0,0,,,,,,"",""
ball,2,17.2,Oman,AV Lalcheta,Sultan Ahmed,M Dharmichand,4,0,,,,,,"",""
ball,2,17.3,Oman,AV Lalcheta,Sultan Ahmed,M Dharmichand,0,0,,,,,,"",""
ball,2,17.4,Oman,AV Lalcheta,Sultan Ahmed,M Dharmichand,1,0,,,,,,"",""
ball,2,17.5,Oman,Sultan Ahmed,AV Lalcheta,M Dharmichand,2,0,,,,,,"",""
ball,2,17.6,Oman,Sultan Ahmed,AV Lalcheta,M Dharmichand,2,0,,,,,,"",""
ball,2,18.1,Oman,AV Lalcheta,Sultan Ahmed,A Krishna,1,0,,,,,,"",""
ball,2,18.2,Oman,Sultan Ahmed,AV Lalcheta,A Krishna,0,0,,,,,,"",""
ball,2,18.3,Oman,Sultan Ahmed,AV Lalcheta,A Krishna,0,0,,,,,,"",""
ball,2,18.4,Oman,Sultan Ahmed,AV Lalcheta,A Krishna,0,0,,,,,,"",""
ball,2,18.5,Oman,Sultan Ahmed,AV Lalcheta,A Krishna,0,0,,,,,,lbw,Sultan Ahmed
ball,2,18.6,Oman,Naseem Khushi,AV Lalcheta,A Krishna,2,0,,,,,,"",""
ball,2,19.1,Oman,AV Lalcheta,Naseem Khushi,M Dharmichand,1,0,,,,,,"",""
ball,2,19.2,Oman,Naseem Khushi,AV Lalcheta,M Dharmichand,1,0,,,,,,"",""
ball,2,19.3,Oman,AV Lalcheta,Naseem Khushi,M Dharmichand,0,0,,,,,,"",""
ball,2,19.4,Oman,AV Lalcheta,Naseem Khushi,M Dharmichand,2,0,,,,,,"",""
ball,2,19.5,Oman,AV Lalcheta,Naseem Khushi,M Dharmichand,0,0,,,,,,lbw,AV Lalcheta
ball,2,19.6,Oman,Aqib Ilyas,Naseem Khushi,M Dharmichand,0,0,,,,,,"",""
ball,2,20.1,Oman,Naseem Khushi,Aqib Ilyas,A Krishna,1,0,,,,,,"",""
ball,2,20.2,Oman,Aqib Ilyas,Naseem Khushi,A Krishna,0,0,,,,,,"",""
ball,2,20.3,Oman,Aqib Ilyas,Naseem Khushi,A Krishna,4,0,,,,,,"",""
ball,2,20.4,Oman,Aqib Ilyas,Naseem Khushi,A Krishna,4,0,,,,,,"",""
ball,2,20.5,Oman,Aqib Ilyas,Naseem Khushi,A Krishna,4,0,,,,,,"",""
ball,2,20.6,Oman,Aqib Ilyas,Naseem Khushi,A Krishna,1,0,,,,,,"",""
ball,2,21.1,Oman,Aqib Ilyas,Naseem Khushi,PA Dahiwal,0,0,,,,,,"",""
ball,2,21.2,Oman,Aqib Ilyas,Naseem Khushi,PA Dahiwal,4,0,,,,,,"",""
ball,2,21.3,Oman,Aqib Ilyas,Naseem Khushi,PA Dahiwal,0,0,,,,,,"",""
ball,2,21.4,Oman,Aqib Ilyas,Naseem Khushi,PA Dahiwal,0,0,,,,,,"",""
ball,2,21.5,Oman,Aqib Ilyas,Naseem Khushi,PA Dahiwal,0,0,,,,,,"",""
ball,2,21.6,Oman,Aqib Ilyas,Naseem Khushi,PA Dahiwal,0,0,,,,,,"",""
ball,2,22.1,Oman,Naseem Khushi,Aqib Ilyas,A Krishna,0,0,,,,,,stumped,Naseem Khushi
ball,2,22.2,Oman,Amir Ali,Aqib Ilyas,A Krishna,0,0,,,,,,"",""
ball,2,22.3,Oman,Amir Ali,Aqib Ilyas,A Krishna,0,0,,,,,,"",""
ball,2,22.4,Oman,Amir Ali,Aqib Ilyas,A Krishna,1,0,,,,,,"",""
ball,2,22.5,Oman,Aqib Ilyas,Amir Ali,A Krishna,4,0,,,,,,"",""
ball,2,22.6,Oman,Aqib Ilyas,Amir Ali,A Krishna,0,0,,,,,,"",""
ball,2,23.1,Oman,Amir Ali,Aqib Ilyas,PA Dahiwal,0,0,,,,,,"",""
ball,2,23.2,Oman,Amir Ali,Aqib Ilyas,PA Dahiwal,0,0,,,,,,"",""
ball,2,23.3,Oman,Amir Ali,Aqib Ilyas,PA Dahiwal,0,0,,,,,,"",""
ball,2,23.4,Oman,Amir Ali,Aqib Ilyas,PA Dahiwal,0,0,,,,,,"",""
ball,2,23.5,Oman,Amir Ali,Aqib Ilyas,PA Dahiwal,2,0,,,,,,"",""
ball,2,23.6,Oman,Amir Ali,Aqib Ilyas,PA Dahiwal,0,0,,,,,,"",""
ball,2,24.1,Oman,Aqib Ilyas,Amir Ali,A Krishna,1,0,,,,,,"",""
