version,1.7.0
info,balls_per_over,6
info,team,Colombo Cricket Club
info,team,Kurunegala Youth Cricket Club
info,gender,male
info,season,2024/25
info,date,2025/02/07
info,date,2025/02/08
info,date,2025/02/09
info,event,Major League Tournament
info,venue,Colombo Cricket Club Ground
info,city,Colombo
info,toss_winner,Kurunegala Youth Cricket Club
info,toss_decision,field
info,umpire,IC Soysa
info,umpire,WCK Rodrigo
info,match_referee,CM Wickramasinghe
info,winner,Colombo Cricket Club
info,winner_runs,200
info,player,Colombo Cricket Club,KNM Fernando
info,player,Colombo Cricket Club,L Croospulle
info,player,Colombo Cricket Club,SN Gunasinghe
info,player,Colombo Cricket Club,M Bhanuka
info,player,Colombo Cricket Club,P Rathnayake
info,player,Colombo Cricket Club,A Bandara
info,player,Colombo Cricket Club,C Wijesinghe
info,player,Colombo Cricket Club,PWH de Silva
info,player,Colombo Cricket Club,I Karannagoda
info,player,Colombo Cricket Club,PADLR Sandakan
info,player,Colombo Cricket Club,MVT Fernando
info,player,Kurunegala Youth Cricket Club,WWAG Maneeshan
info,player,Kurunegala Youth Cricket Club,TD Polgampola
info,player,Kurunegala Youth Cricket Club,G Weerasinghe
info,player,Kurunegala Youth Cricket Club,LEK Edirisinghe
info,player,Kurunegala Youth Cricket Club,R Madushanka
info,player,Kurunegala Youth Cricket Club,S Sadamal
info,player,Kurunegala Youth Cricket Club,MLR Karunaratne
info,player,Kurunegala Youth Cricket Club,D Malan
info,player,Kurunegala Youth Cricket Club,PLM Jayaratne
info,player,Kurunegala Youth Cricket Club,A Premaratne
info,player,Kurunegala Youth Cricket Club,HGK Dilshan
info,registry,people,A Bandara,2d71e6cc
info,registry,people,A Premaratne,5584885b
info,registry,people,C Wijesinghe,0a2d45b0
info,registry,people,CM Wickramasinghe,21b4786b
info,registry,people,D Malan,47a09f4f
info,registry,people,G Weerasinghe,77f60c02
info,registry,people,HGK Dilshan,519a99ad
info,registry,people,I Karannagoda,ddce5289
info,registry,people,IC Soysa,717a7971
info,registry,people,KNM Fernando,d2a2bb1a
info,registry,people,L Croospulle,e30c9b2d
info,registry,people,LEK Edirisinghe,d4410428
info,registry,people,M Bhanuka,684d21d7
info,registry,people,MLR Karunaratne,264c864e
info,registry,people,MVT Fernando,5eef2118
info,registry,people,P Rathnayake,c1fdfb46
info,registry,people,PADLR Sandakan,79aad751
info,registry,people,PLM Jayaratne,0859862f
info,registry,people,PWH de Silva,a97c8ec2
info,registry,people,R Madushanka,a45a92b0
info,registry,people,S Sadamal,21235260
info,registry,people,SN Gunasinghe,45cd90b2
info,registry,people,TD Polgampola,b75b09a8
info,registry,people,WCK Rodrigo,de94d86f
info,registry,people,WWAG Maneeshan,ab46a0c5
ball,1,0.1,Colombo Cricket Club,KNM Fernando,L Croospulle,PLM Jayaratne,0,0,,,,,,"",""
ball,1,0.2,Colombo Cricket Club,KNM Fernando,L Croospulle,PLM Jayaratne,0,0,,,,,,"",""
ball,1,0.3,Colombo Cricket Club,KNM Fernando,L Croospulle,PLM Jayaratne,0,0,,,,,,caught,KNM Fernando
ball,1,0.4,Colombo Cricket Club,SN Gunasinghe,L Croospulle,PLM Jayaratne,0,0,,,,,,"",""
ball,1,0.5,Colombo Cricket Club,SN Gunasinghe,L Croospulle,PLM Jayaratne,0,0,,,,,,"",""
ball,1,0.6,Colombo Cricket Club,SN Gunasinghe,L Croospulle,PLM Jayaratne,0,0,,,,,,"",""
ball,1,1.1,Colombo Cricket Club,L Croospulle,SN Gunasinghe,D Malan,0,0,,,,,,"",""
ball,1,1.2,Colombo Cricket Club,L Croospulle,SN Gunasinghe,D Malan,4,0,,,,,,"",""
ball,1,1.3,Colombo Cricket Club,L Croospulle,SN Gunasinghe,D Malan,0,1,,,1,,,"",""
ball,1,1.4,Colombo Cricket Club,SN Gunasinghe,L Croospulle,D Malan,0,0,,,,,,"",""
ball,1,1.5,Colombo Cricket Club,SN Gunasinghe,L Croospulle,D Malan,1,0,,,,,,"",""
ball,1,1.6,Colombo Cricket Club,L Croospulle,SN Gunasinghe,D Malan,0,1,,,1,,,"",""
ball,1,2.1,Colombo Cricket Club,L Croospulle,SN Gunasinghe,PLM Jayaratne,4,0,,,,,,"",""
ball,1,2.2,Colombo Cricket Club,L Croospulle,SN Gunasinghe,PLM Jayaratne,0,0,,,,,,"",""
ball,1,2.3,Colombo Cricket Club,L Croospulle,SN Gunasinghe,PLM Jayaratne,2,0,,,,,,"",""
ball,1,2.4,Colombo Cricket Club,L Croospulle,SN Gunasinghe,PLM Jayaratne,0,0,,,,,,"",""
ball,1,2.5,Colombo Cricket Club,L Croospulle,SN Gunasinghe,PLM Jayaratne,0,0,,,,,,"",""
ball,1,2.6,Colombo Cricket Club,L Croospulle,SN Gunasinghe,PLM Jayaratne,0,0,,,,,,"",""
ball,1,3.1,Colombo Cricket Club,SN Gunasinghe,L Croospulle,D Malan,4,0,,,,,,"",""
ball,1,3.2,Colombo Cricket Club,SN Gunasinghe,L Croospulle,D Malan,0,0,,,,,,"",""
ball,1,3.3,Colombo Cricket Club,SN Gunasinghe,L Croospulle,D Malan,0,0,,,,,,"",""
ball,1,3.4,Colombo Cricket Club,SN Gunasinghe,L Croospulle,D Malan,0,0,,,,,,"",""
ball,1,3.5,Colombo Cricket Club,SN Gunasinghe,L Croospulle,D Malan,0,0,,,,,,"",""
ball,1,3.6,Colombo Cricket Club,SN Gunasinghe,L Croospulle,D Malan,4,0,,,,,,"",""
ball,1,4.1,Colombo Cricket Club,L Croospulle,SN Gunasinghe,PLM Jayaratne,4,0,,,,,,"",""
ball,1,4.2,Colombo Cricket Club,L Croospulle,SN Gunasinghe,PLM Jayaratne,0,0,,,,,,"",""
ball,1,4.3,Colombo Cricket Club,L Croospulle,SN Gunasinghe,PLM Jayaratne,0,0,,,,,,"",""
ball,1,4.4,Colombo Cricket Club,L Croospulle,SN Gunasinghe,PLM Jayaratne,6,0,,,,,,"",""
ball,1,4.5,Colombo Cricket Club,L Croospulle,SN Gunasinghe,PLM Jayaratne,0,0,,,,,,"",""
ball,1,4.6,Colombo Cricket Club,L Croospulle,SN Gunasinghe,PLM Jayaratne,0,0,,,,,,"",""
ball,1,5.1,Colombo Cricket Club,SN Gunasinghe,L Croospulle,D Malan,0,0,,,,,,"",""
ball,1,5.2,Colombo Cricket Club,SN Gunasinghe,L Croospulle,D Malan,2,0,,,,,,"",""
ball,1,5.3,Colombo Cricket Club,SN Gunasinghe,L Croospulle,D Malan,1,0,,,,,,"",""
ball,1,5.4,Colombo Cricket Club,L Croospulle,SN Gunasinghe,D Malan,0,0,,,,,,"",""
ball,1,5.5,Colombo Cricket Club,L Croospulle,SN Gunasinghe,D Malan,0,0,,,,,,"",""
ball,1,5.6,Colombo Cricket Club,L Croospulle,SN Gunasinghe,D Malan,4,0,,,,,,"",""
ball,1,6.1,Colombo Cricket Club,SN Gunasinghe,L Croospulle,PLM Jayaratne,4,0,,,,,,"",""
ball,1,6.2,Colombo Cricket Club,SN Gunasinghe,L Croospulle,PLM Jayaratne,0,0,,,,,,"",""
ball,1,6.3,Colombo Cricket Club,SN Gunasinghe,L Croospulle,PLM Jayaratne,0,0,,,,,,"",""
ball,1,6.4,Colombo Cricket Club,SN Gunasinghe,L Croospulle,PLM Jayaratne,1,0,,,,,,"",""
ball,1,6.5,Colombo Cricket Club,L Croospulle,SN Gunasinghe,PLM Jayaratne,0,0,,,,,,"",""
ball,1,6.6,Colombo Cricket Club,L Croospulle,SN Gunasinghe,PLM Jayaratne,0,0,,,,,,"",""
ball,1,7.1,Colombo Cricket Club,SN Gunasinghe,L Croospulle,D Malan,0,0,,,,,,"",""
ball,1,7.2,Colombo Cricket Club,SN Gunasinghe,L Croospulle,D Malan,0,0,,,,,,"",""
ball,1,7.3,Colombo Cricket Club,SN Gunasinghe,L Croospulle,D Malan,0,0,,,,,,"",""
ball,1,7.4,Colombo Cricket Club,SN Gunasinghe,L Croospulle,D Malan,0,0,,,,,,"",""
ball,1,7.5,Colombo Cricket Club,SN Gunasinghe,L Croospulle,D Malan,0,0,,,,,,"",""
ball,1,7.6,Colombo Cricket Club,SN Gunasinghe,L Croospulle,D Malan,0,0,,,,,,"",""
ball,1,8.1,Colombo Cricket Club,L Croospulle,SN Gunasinghe,HGK Dilshan,0,0,,,,,,"",""
ball,1,8.2,Colombo Cricket Club,L Croospulle,SN Gunasinghe,HGK Dilshan,0,0,,,,,,"",""
ball,1,8.3,Colombo Cricket Club,L Croospulle,SN Gunasinghe,HGK Dilshan,0,0,,,,,,"",""
ball,1,8.4,Colombo Cricket Club,L Croospulle,SN Gunasinghe,HGK Dilshan,0,0,,,,,,caught,L Croospulle
ball,1,8.5,Colombo Cricket Club,M Bhanuka,SN Gunasinghe,HGK Dilshan,1,0,,,,,,"",""
ball,1,8.6,Colombo Cricket Club,SN Gunasinghe,M Bhanuka,HGK Dilshan,0,0,,,,,,"",""
ball,1,9.1,Colombo Cricket Club,M Bhanuka,SN Gunasinghe,A Premaratne,0,1,,1,,,,"",""
ball,1,9.2,Colombo Cricket Club,M Bhanuka,SN Gunasinghe,A Premaratne,1,0,,,,,,"",""
ball,1,9.3,Colombo Cricket Club,SN Gunasinghe,M Bhanuka,A Premaratne,1,0,,,,,,"",""
ball,1,9.4,Colombo Cricket Club,M Bhanuka,SN Gunasinghe,A Premaratne,1,0,,,,,,"",""
ball,1,9.5,Colombo Cricket Club,SN Gunasinghe,M Bhanuka,A Premaratne,0,0,,,,,,"",""
ball,1,9.6,Colombo Cricket Club,SN Gunasinghe,M Bhanuka,A Premaratne,1,0,,,,,,"",""
ball,1,9.7,Colombo Cricket Club,M Bhanuka,SN Gunasinghe,A Premaratne,0,0,,,,,,"",""
ball,1,10.1,Colombo Cricket Club,SN Gunasinghe,M Bhanuka,HGK Dilshan,1,0,,,,,,"",""
ball,1,10.2,Colombo Cricket Club,M Bhanuka,SN Gunasinghe,HGK Dilshan,1,0,,,,,,"",""
ball,1,10.3,Colombo Cricket Club,SN Gunasinghe,M Bhanuka,HGK Dilshan,0,0,,,,,,"",""
ball,1,10.4,Colombo Cricket Club,SN Gunasinghe,M Bhanuka,HGK Dilshan,1,0,,,,,,"",""
ball,1,10.5,Colombo Cricket Club,M Bhanuka,SN Gunasinghe,HGK Dilshan,4,0,,,,,,"",""
ball,1,10.6,Colombo Cricket Club,M Bhanuka,SN Gunasinghe,HGK Dilshan,1,0,,,,,,"",""
ball,1,11.1,Colombo Cricket Club,M Bhanuka,SN Gunasinghe,A Premaratne,0,0,,,,,,"",""
ball,1,11.2,Colombo Cricket Club,M Bhanuka,SN Gunasinghe,A Premaratne,0,0,,,,,,"",""
ball,1,11.3,Colombo Cricket Club,M Bhanuka,SN Gunasinghe,A Premaratne,1,0,,,,,,"",""
ball,1,11.4,Colombo Cricket Club,SN Gunasinghe,M Bhanuka,A Premaratne,4,1,,1,,,,"",""
ball,1,11.5,Colombo Cricket Club,SN Gunasinghe,M Bhanuka,A Premaratne,0,0,,,,,,"",""
ball,1,11.6,Colombo Cricket Club,SN Gunasinghe,M Bhanuka,A Premaratne,0,0,,,,,,"",""
ball,1,11.7,Colombo Cricket Club,SN Gunasinghe,M Bhanuka,A Premaratne,0,0,,,,,,"",""
ball,1,12.1,Colombo Cricket Club,M Bhanuka,SN Gunasinghe,HGK Dilshan,0,0,,,,,,"",""
ball,1,12.2,Colombo Cricket Club,M Bhanuka,SN Gunasinghe,HGK Dilshan,0,0,,,,,,"",""
ball,1,12.3,Colombo Cricket Club,M Bhanuka,SN Gunasinghe,HGK Dilshan,1,0,,,,,,"",""
ball,1,12.4,Colombo Cricket Club,SN Gunasinghe,M Bhanuka,HGK Dilshan,0,0,,,,,,"",""
ball,1,12.5,Colombo Cricket Club,SN Gunasinghe,M Bhanuka,HGK Dilshan,0,0,,,,,,"",""
ball,1,12.6,Colombo Cricket Club,SN Gunasinghe,M Bhanuka,HGK Dilshan,0,0,,,,,,"",""
ball,1,13.1,Colombo Cricket Club,M Bhanuka,SN Gunasinghe,A Premaratne,0,0,,,,,,"",""
ball,1,13.2,Colombo Cricket Club,M Bhanuka,SN Gunasinghe,A Premaratne,0,0,,,,,,"",""
ball,1,13.3,Colombo Cricket Club,M Bhanuka,SN Gunasinghe,A Premaratne,0,0,,,,,,"",""
ball,1,13.4,Colombo Cricket Club,M Bhanuka,SN Gunasinghe,A Premaratne,0,0,,,,,,"",""
ball,1,13.5,Colombo Cricket Club,M Bhanuka,SN Gunasinghe,A Premaratne,1,0,,,,,,"",""
ball,1,13.6,Colombo Cricket Club,SN Gunasinghe,M Bhanuka,A Premaratne,0,0,,,,,,"",""
ball,1,14.1,Colombo Cricket Club,M Bhanuka,SN Gunasinghe,HGK Dilshan,0,0,,,,,,"",""
ball,1,14.2,Colombo Cricket Club,M Bhanuka,SN Gunasinghe,HGK Dilshan,0,0,,,,,,"",""
ball,1,14.3,Colombo Cricket Club,M Bhanuka,SN Gunasinghe,HGK Dilshan,0,0,,,,,,"",""
ball,1,14.4,Colombo Cricket Club,M Bhanuka,SN Gunasinghe,HGK Dilshan,1,0,,,,,,"",""
ball,1,14.5,Colombo Cricket Club,SN Gunasinghe,M Bhanuka,HGK Dilshan,1,0,,,,,,"",""
ball,1,14.6,Colombo Cricket Club,M Bhanuka,SN Gunasinghe,HGK Dilshan,0,0,,,,,,"",""
ball,1,15.1,Colombo Cricket Club,SN Gunasinghe,M Bhanuka,A Premaratne,1,0,,,,,,"",""
ball,1,15.2,Colombo Cricket Club,M Bhanuka,SN Gunasinghe,A Premaratne,0,0,,,,,,"",""
ball,1,15.3,Colombo Cricket Club,M Bhanuka,SN Gunasinghe,A Premaratne,1,0,,,,,,"",""
ball,1,15.4,Colombo Cricket Club,SN Gunasinghe,M Bhanuka,A Premaratne,4,0,,,,,,"",""
ball,1,15.5,Colombo Cricket Club,SN Gunasinghe,M Bhanuka,A Premaratne,1,0,,,,,,"",""
ball,1,15.6,Colombo Cricket Club,M Bhanuka,SN Gunasinghe,A Premaratne,1,0,,,,,,"",""
ball,1,16.1,Colombo Cricket Club,M Bhanuka,SN Gunasinghe,HGK Dilshan,0,0,,,,,,"",""
ball,1,16.2,Colombo Cricket Club,M Bhanuka,SN Gunasinghe,HGK Dilshan,0,0,,,,,,"",""
ball,1,16.3,Colombo Cricket Club,M Bhanuka,SN Gunasinghe,HGK Dilshan,0,0,,,,,,"",""
ball,1,16.4,Colombo Cricket Club,M Bhanuka,SN Gunasinghe,HGK Dilshan,2,0,,,,,,"",""
ball,1,16.5,Colombo Cricket Club,M Bhanuka,SN Gunasinghe,HGK Dilshan,1,0,,,,,,"",""
ball,1,16.6,Colombo Cricket Club,SN Gunasinghe,M Bhanuka,HGK Dilshan,0,0,,,,,,"",""
ball,1,17.1,Colombo Cricket Club,M Bhanuka,SN Gunasinghe,A Premaratne,2,0,,,,,,"",""
ball,1,17.2,Colombo Cricket Club,M Bhanuka,SN Gunasinghe,A Premaratne,0,0,,,,,,"",""
ball,1,17.3,Colombo Cricket Club,M Bhanuka,SN Gunasinghe,A Premaratne,0,0,,,,,,"",""
ball,1,17.4,Colombo Cricket Club,M Bhanuka,SN Gunasinghe,A Premaratne,0,0,,,,,,"",""
ball,1,17.5,Colombo Cricket Club,M Bhanuka,SN Gunasinghe,A Premaratne,1,0,,,,,,"",""
ball,1,17.6,Colombo Cricket Club,SN Gunasinghe,M Bhanuka,A Premaratne,1,0,,,,,,"",""
ball,1,18.1,Colombo Cricket Club,SN Gunasinghe,M Bhanuka,HGK Dilshan,1,0,,,,,,"",""
ball,1,18.2,Colombo Cricket Club,M Bhanuka,SN Gunasinghe,HGK Dilshan,0,0,,,,,,"",""
ball,1,18.3,Colombo Cricket Club,M Bhanuka,SN Gunasinghe,HGK Dilshan,4,0,,,,,,"",""
ball,1,18.4,Colombo Cricket Club,M Bhanuka,SN Gunasinghe,HGK Dilshan,0,0,,,,,,"",""
ball,1,18.5,Colombo Cricket Club,M Bhanuka,SN Gunasinghe,HGK Dilshan,0,0,,,,,,"",""
ball,1,18.6,Colombo Cricket Club,M Bhanuka,SN Gunasinghe,HGK Dilshan,0,0,,,,,,"",""
ball,1,19.1,Colombo Cricket Club,SN Gunasinghe,M Bhanuka,A Premaratne,1,0,,,,,,"",""
ball,1,19.2,Colombo Cricket Club,M Bhanuka,SN Gunasinghe,A Premaratne,0,0,,,,,,"",""
ball,1,19.3,Colombo Cricket Club,M Bhanuka,SN Gunasinghe,A Premaratne,0,1,,1,,,,"",""
ball,1,19.4,Colombo Cricket Club,M Bhanuka,SN Gunasinghe,A Premaratne,0,0,,,,,,"",""
ball,1,19.5,Colombo Cricket Club,M Bhanuka,SN Gunasinghe,A Premaratne,4,0,,,,,,"",""
ball,1,19.6,Colombo Cricket Club,M Bhanuka,SN Gunasinghe,A Premaratne,0,0,,,,,,"",""
ball,1,19.7,Colombo Cricket Club,M Bhanuka,SN Gunasinghe,A Premaratne,0,0,,,,,,"",""
ball,1,20.1,Colombo Cricket Club,SN Gunasinghe,M Bhanuka,HGK Dilshan,0,0,,,,,,"",""
ball,1,20.2,Colombo Cricket Club,SN Gunasinghe,M Bhanuka,HGK Dilshan,0,1,,,1,,,"",""
ball,1,20.3,Colombo Cricket Club,M Bhanuka,SN Gunasinghe,HGK Dilshan,0,0,,,,,,"",""
ball,1,20.4,Colombo Cricket Club,M Bhanuka,SN Gunasinghe,HGK Dilshan,1,0,,,,,,"",""
ball,1,20.5,Colombo Cricket Club,SN Gunasinghe,M Bhanuka,HGK Dilshan,0,0,,,,,,"",""
ball,1,20.6,Colombo Cricket Club,SN Gunasinghe,M Bhanuka,HGK Dilshan,0,0,,,,,,"",""
ball,1,21.1,Colombo Cricket Club,M Bhanuka,SN Gunasinghe,A Premaratne,0,0,,,,,,"",""
ball,1,21.2,Colombo Cricket Club,M Bhanuka,SN Gunasinghe,A Premaratne,0,0,,,,,,"",""
ball,1,21.3,Colombo Cricket Club,M Bhanuka,SN Gunasinghe,A Premaratne,1,0,,,,,,"",""
ball,1,21.4,Colombo Cricket Club,SN Gunasinghe,M Bhanuka,A Premaratne,0,0,,,,,,"",""
ball,1,21.5,Colombo Cricket Club,SN Gunasinghe,M Bhanuka,A Premaratne,1,0,,,,,,"",""
ball,1,21.6,Colombo Cricket Club,M Bhanuka,SN Gunasinghe,A Premaratne,0,0,,,,,,"",""
ball,1,22.1,Colombo Cricket Club,SN Gunasinghe,M Bhanuka,HGK Dilshan,0,0,,,,,,"",""
ball,1,22.2,Colombo Cricket Club,SN Gunasinghe,M Bhanuka,HGK Dilshan,4,0,,,,,,"",""
ball,1,22.3,Colombo Cricket Club,SN Gunasinghe,M Bhanuka,HGK Dilshan,0,0,,,,,,"",""
ball,1,22.4,Colombo Cricket Club,SN Gunasinghe,M Bhanuka,HGK Dilshan,0,0,,,,,,"",""
ball,1,22.5,Colombo Cricket Club,SN Gunasinghe,M Bhanuka,HGK Dilshan,0,0,,,,,,"",""
ball,1,22.6,Colombo Cricket Club,SN Gunasinghe,M Bhanuka,HGK Dilshan,1,0,,,,,,"",""
ball,1,23.1,Colombo Cricket Club,SN Gunasinghe,M Bhanuka,A Premaratne,1,0,,,,,,"",""
ball,1,23.2,Colombo Cricket Club,M Bhanuka,SN Gunasinghe,A Premaratne,0,0,,,,,,"",""
ball,1,23.3,Colombo Cricket Club,M Bhanuka,SN Gunasinghe,A Premaratne,0,1,,1,,,,"",""
ball,1,23.4,Colombo Cricket Club,M Bhanuka,SN Gunasinghe,A Premaratne,0,0,,,,,,"",""
ball,1,23.5,Colombo Cricket Club,M Bhanuka,SN Gunasinghe,A Premaratne,0,0,,,,,,"",""
ball,1,23.6,Colombo Cricket Club,M Bhanuka,SN Gunasinghe,A Premaratne,1,0,,,,,,"",""
ball,1,23.7,Colombo Cricket Club,SN Gunasinghe,M Bhanuka,A Premaratne,0,0,,,,,,"",""
ball,1,24.1,Colombo Cricket Club,M Bhanuka,SN Gunasinghe,HGK Dilshan,0,0,,,,,,"",""
ball,1,24.2,Colombo Cricket Club,M Bhanuka,SN Gunasinghe,HGK Dilshan,2,0,,,,,,"",""
ball,1,24.3,Colombo Cricket Club,M Bhanuka,SN Gunasinghe,HGK Dilshan,0,0,,,,,,"",""
ball,1,24.4,Colombo Cricket Club,M Bhanuka,SN Gunasinghe,HGK Dilshan,2,0,,,,,,"",""
ball,1,24.5,Colombo Cricket Club,M Bhanuka,SN Gunasinghe,HGK Dilshan,0,0,,,,,,"",""
ball,1,24.6,Colombo Cricket Club,M Bhanuka,SN Gunasinghe,HGK Dilshan,1,0,,,,,,"",""
ball,1,25.1,Colombo Cricket Club,M Bhanuka,SN Gunasinghe,S Sadamal,1,0,,,,,,"",""
ball,1,25.2,Colombo Cricket Club,SN Gunasinghe,M Bhanuka,S Sadamal,0,0,,,,,,"",""
ball,1,25.3,Colombo Cricket Club,SN Gunasinghe,M Bhanuka,S Sadamal,1,0,,,,,,"",""
ball,1,25.4,Colombo Cricket Club,M Bhanuka,SN Gunasinghe,S Sadamal,0,0,,,,,,"",""
ball,1,25.5,Colombo Cricket Club,M Bhanuka,SN Gunasinghe,S Sadamal,0,0,,,,,,"",""
ball,1,25.6,Colombo Cricket Club,M Bhanuka,SN Gunasinghe,S Sadamal,0,0,,,,,,"",""
ball,1,26.1,Colombo Cricket Club,SN Gunasinghe,M Bhanuka,HGK Dilshan,4,0,,,,,,"",""
ball,1,26.2,Colombo Cricket Club,SN Gunasinghe,M Bhanuka,HGK Dilshan,0,0,,,,,,lbw,SN Gunasinghe
ball,1,26.3,Colombo Cricket Club,P Rathnayake,M Bhanuka,HGK Dilshan,0,0,,,,,,"",""
ball,1,26.4,Colombo Cricket Club,P Rathnayake,M Bhanuka,HGK Dilshan,0,0,,,,,,"",""
ball,1,26.5,Colombo Cricket Club,P Rathnayake,M Bhanuka,HGK Dilshan,0,0,,,,,,"",""
ball,1,26.6,Colombo Cricket Club,P Rathnayake,M Bhanuka,HGK Dilshan,4,0,,,,,,"",""
ball,1,27.1,Colombo Cricket Club,M Bhanuka,P Rathnayake,S Sadamal,0,0,,,,,,"",""
ball,1,27.2,Colombo Cricket Club,M Bhanuka,P Rathnayake,S Sadamal,0,0,,,,,,"",""
ball,1,27.3,Colombo Cricket Club,M Bhanuka,P Rathnayake,S Sadamal,0,0,,,,,,"",""
ball,1,27.4,Colombo Cricket Club,M Bhanuka,P Rathnayake,S Sadamal,0,0,,,,,,"",""
ball,1,27.5,Colombo Cricket Club,M Bhanuka,P Rathnayake,S Sadamal,0,0,,,,,,"",""
ball,1,27.6,Colombo Cricket Club,M Bhanuka,P Rathnayake,S Sadamal,0,0,,,,,,"",""
ball,1,28.1,Colombo Cricket Club,P Rathnayake,M Bhanuka,HGK Dilshan,0,0,,,,,,"",""
ball,1,28.2,Colombo Cricket Club,P Rathnayake,M Bhanuka,HGK Dilshan,0,0,,,,,,"",""
ball,1,28.3,Colombo Cricket Club,P Rathnayake,M Bhanuka,HGK Dilshan,1,0,,,,,,"",""
ball,1,28.4,Colombo Cricket Club,M Bhanuka,P Rathnayake,HGK Dilshan,1,0,,,,,,"",""
ball,1,28.5,Colombo Cricket Club,P Rathnayake,M Bhanuka,HGK Dilshan,0,0,,,,,,"",""
ball,1,28.6,Colombo Cricket Club,P Rathnayake,M Bhanuka,HGK Dilshan,0,0,,,,,,"",""
ball,1,29.1,Colombo Cricket Club,M Bhanuka,P Rathnayake,S Sadamal,0,0,,,,,,"",""
ball,1,29.2,Colombo Cricket Club,M Bhanuka,P Rathnayake,S Sadamal,0,0,,,,,,"",""
ball,1,29.3,Colombo Cricket Club,M Bhanuka,P Rathnayake,S Sadamal,0,0,,,,,,"",""
ball,1,29.4,Colombo Cricket Club,M Bhanuka,P Rathnayake,S Sadamal,0,0,,,,,,"",""
ball,1,29.5,Colombo Cricket Club,M Bhanuka,P Rathnayake,S Sadamal,0,0,,,,,,"",""
ball,1,29.6,Colombo Cricket Club,M Bhanuka,P Rathnayake,S Sadamal,0,0,,,,,,"",""
ball,1,30.1,Colombo Cricket Club,P Rathnayake,M Bhanuka,HGK Dilshan,0,0,,,,,,"",""
ball,1,30.2,Colombo Cricket Club,P Rathnayake,M Bhanuka,HGK Dilshan,0,0,,,,,,"",""
ball,1,30.3,Colombo Cricket Club,P Rathnayake,M Bhanuka,HGK Dilshan,0,0,,,,,,"",""
ball,1,30.4,Colombo Cricket Club,P Rathnayake,M Bhanuka,HGK Dilshan,0,0,,,,,,"",""
ball,1,30.5,Colombo Cricket Club,P Rathnayake,M Bhanuka,HGK Dilshan,0,0,,,,,,caught,P Rathnayake
ball,1,30.6,Colombo Cricket Club,A Bandara,M Bhanuka,HGK Dilshan,0,0,,,,,,"",""
ball,1,31.1,Colombo Cricket Club,M Bhanuka,A Bandara,S Sadamal,0,0,,,,,,"",""
ball,1,31.2,Colombo Cricket Club,M Bhanuka,A Bandara,S Sadamal,1,0,,,,,,"",""
ball,1,31.3,Colombo Cricket Club,A Bandara,M Bhanuka,S Sadamal,0,0,,,,,,"",""
ball,1,31.4,Colombo Cricket Club,A Bandara,M Bhanuka,S Sadamal,0,0,,,,,,"",""
ball,1,31.5,Colombo Cricket Club,A Bandara,M Bhanuka,S Sadamal,0,0,,,,,,"",""
ball,1,31.6,Colombo Cricket Club,A Bandara,M Bhanuka,S Sadamal,0,0,,,,,,"",""
ball,1,32.1,Colombo Cricket Club,M Bhanuka,A Bandara,HGK Dilshan,6,0,,,,,,"",""
ball,1,32.2,Colombo Cricket Club,M Bhanuka,A Bandara,HGK Dilshan,1,0,,,,,,"",""
ball,1,32.3,Colombo Cricket Club,A Bandara,M Bhanuka,HGK Dilshan,4,0,,,,,,"",""
ball,1,32.4,Colombo Cricket Club,A Bandara,M Bhanuka,HGK Dilshan,1,0,,,,,,"",""
ball,1,32.5,Colombo Cricket Club,M Bhanuka,A Bandara,HGK Dilshan,0,0,,,,,,"",""
ball,1,32.6,Colombo Cricket Club,M Bhanuka,A Bandara,HGK Dilshan,0,0,,,,,,"",""
ball,1,33.1,Colombo Cricket Club,A Bandara,M Bhanuka,S Sadamal,0,0,,,,,,"",""
ball,1,33.2,Colombo Cricket Club,A Bandara,M Bhanuka,S Sadamal,0,0,,,,,,"",""
ball,1,33.3,Colombo Cricket Club,A Bandara,M Bhanuka,S Sadamal,0,0,,,,,,"",""
ball,1,33.4,Colombo Cricket Club,A Bandara,M Bhanuka,S Sadamal,0,0,,,,,,"",""
ball,1,33.5,Colombo Cricket Club,A Bandara,M Bhanuka,S Sadamal,0,0,,,,,,"",""
ball,1,33.6,Colombo Cricket Club,A Bandara,M Bhanuka,S Sadamal,0,0,,,,,,"",""
ball,1,34.1,Colombo Cricket Club,M Bhanuka,A Bandara,A Premaratne,0,0,,,,,,"",""
ball,1,34.2,Colombo Cricket Club,M Bhanuka,A Bandara,A Premaratne,1,0,,,,,,"",""
ball,1,34.3,Colombo Cricket Club,A Bandara,M Bhanuka,A Premaratne,0,0,,,,,,"",""
ball,1,34.4,Colombo Cricket Club,A Bandara,M Bhanuka,A Premaratne,0,0,,,,,,"",""
ball,1,34.5,Colombo Cricket Club,A Bandara,M Bhanuka,A Premaratne,4,0,,,,,,"",""
ball,1,34.6,Colombo Cricket Club,A Bandara,M Bhanuka,A Premaratne,4,0,,,,,,"",""
ball,1,35.1,Colombo Cricket Club,M Bhanuka,A Bandara,S Sadamal,1,0,,,,,,"",""
ball,1,35.2,Colombo Cricket Club,A Bandara,M Bhanuka,S Sadamal,0,0,,,,,,"",""
ball,1,35.3,Colombo Cricket Club,A Bandara,M Bhanuka,S Sadamal,0,0,,,,,,"",""
ball,1,35.4,Colombo Cricket Club,A Bandara,M Bhanuka,S Sadamal,0,0,,,,,,"",""
ball,1,35.5,Colombo Cricket Club,A Bandara,M Bhanuka,S Sadamal,1,0,,,,,,"",""
ball,1,35.6,Colombo Cricket Club,M Bhanuka,A Bandara,S Sadamal,0,0,,,,,,"",""
ball,1,36.1,Colombo Cricket Club,A Bandara,M Bhanuka,A Premaratne,0,0,,,,,,"",""
ball,1,36.2,Colombo Cricket Club,A Bandara,M Bhanuka,A Premaratne,1,0,,,,,,"",""
ball,1,36.3,Colombo Cricket Club,M Bhanuka,A Bandara,A Premaratne,0,0,,,,,,"",""
ball,1,36.4,Colombo Cricket Club,M Bhanuka,A Bandara,A Premaratne,0,0,,,,,,"",""
ball,1,36.5,Colombo Cricket Club,M Bhanuka,A Bandara,A Premaratne,0,0,,,,,,"",""
ball,1,36.6,Colombo Cricket Club,M Bhanuka,A Bandara,A Premaratne,0,0,,,,,,"",""
ball,1,37.1,Colombo Cricket Club,A Bandara,M Bhanuka,S Sadamal,0,0,,,,,,"",""
ball,1,37.2,Colombo Cricket Club,A Bandara,M Bhanuka,S Sadamal,1,0,,,,,,"",""
ball,1,37.3,Colombo Cricket Club,M Bhanuka,A Bandara,S Sadamal,1,0,,,,,,"",""
ball,1,37.4,Colombo Cricket Club,A Bandara,M Bhanuka,S Sadamal,4,0,,,,,,"",""
ball,1,37.5,Colombo Cricket Club,A Bandara,M Bhanuka,S Sadamal,0,0,,,,,,"",""
ball,1,37.6,Colombo Cricket Club,A Bandara,M Bhanuka,S Sadamal,0,0,,,,,,"",""
ball,1,38.1,Colombo Cricket Club,M Bhanuka,A Bandara,HGK Dilshan,4,0,,,,,,"",""
ball,1,38.2,Colombo Cricket Club,M Bhanuka,A Bandara,HGK Dilshan,0,0,,,,,,"",""
ball,1,38.3,Colombo Cricket Club,M Bhanuka,A Bandara,HGK Dilshan,6,0,,,,,,"",""
ball,1,38.4,Colombo Cricket Club,M Bhanuka,A Bandara,HGK Dilshan,1,0,,,,,,"",""
ball,1,38.5,Colombo Cricket Club,A Bandara,M Bhanuka,HGK Dilshan,2,0,,,,,,"",""
ball,1,38.6,Colombo Cricket Club,A Bandara,M Bhanuka,HGK Dilshan,1,0,,,,,,"",""
ball,1,39.1,Colombo Cricket Club,A Bandara,M Bhanuka,S Sadamal,0,0,,,,,,"",""
ball,1,39.2,Colombo Cricket Club,A Bandara,M Bhanuka,S Sadamal,1,0,,,,,,"",""
ball,1,39.3,Colombo Cricket Club,M Bhanuka,A Bandara,S Sadamal,1,0,,,,,,"",""
ball,1,39.4,Colombo Cricket Club,A Bandara,M Bhanuka,S Sadamal,0,0,,,,,,"",""
ball,1,39.5,Colombo Cricket Club,A Bandara,M Bhanuka,S Sadamal,0,0,,,,,,"",""
ball,1,39.6,Colombo Cricket Club,A Bandara,M Bhanuka,S Sadamal,0,0,,,,,,"",""
ball,1,40.1,Colombo Cricket Club,M Bhanuka,A Bandara,HGK Dilshan,1,0,,,,,,"",""
ball,1,40.2,Colombo Cricket Club,A Bandara,M Bhanuka,HGK Dilshan,2,0,,,,,,"",""
ball,1,40.3,Colombo Cricket Club,A Bandara,M Bhanuka,HGK Dilshan,1,0,,,,,,"",""
ball,1,40.4,Colombo Cricket Club,M Bhanuka,A Bandara,HGK Dilshan,0,0,,,,,,"",""
ball,1,40.5,Colombo Cricket Club,M Bhanuka,A Bandara,HGK Dilshan,2,0,,,,,,"",""
ball,1,40.6,Colombo Cricket Club,M Bhanuka,A Bandara,HGK Dilshan,0,0,,,,,,"",""
ball,1,41.1,Colombo Cricket Club,A Bandara,M Bhanuka,S Sadamal,0,0,,,,,,"",""
ball,1,41.2,Colombo Cricket Club,A Bandara,M Bhanuka,S Sadamal,1,0,,,,,,"",""
ball,1,41.3,Colombo Cricket Club,M Bhanuka,A Bandara,S Sadamal,4,0,,,,,,"",""
ball,1,41.4,Colombo Cricket Club,M Bhanuka,A Bandara,S Sadamal,0,0,,,,,,"",""
ball,1,41.5,Colombo Cricket Club,M Bhanuka,A Bandara,S Sadamal,0,0,,,,,,"",""
ball,1,41.6,Colombo Cricket Club,M Bhanuka,A Bandara,S Sadamal,1,0,,,,,,"",""
ball,1,42.1,Colombo Cricket Club,M Bhanuka,A Bandara,PLM Jayaratne,0,0,,,,,,"",""
ball,1,42.2,Colombo Cricket Club,M Bhanuka,A Bandara,PLM Jayaratne,1,0,,,,,,"",""
ball,1,42.3,Colombo Cricket Club,A Bandara,M Bhanuka,PLM Jayaratne,0,0,,,,,,"",""
ball,1,42.4,Colombo Cricket Club,A Bandara,M Bhanuka,PLM Jayaratne,0,0,,,,,,"",""
ball,1,42.5,Colombo Cricket Club,A Bandara,M Bhanuka,PLM Jayaratne,4,0,,,,,,"",""
ball,1,42.6,Colombo Cricket Club,A Bandara,M Bhanuka,PLM Jayaratne,0,0,,,,,,"",""
ball,1,43.1,Colombo Cricket Club,M Bhanuka,A Bandara,A Premaratne,0,0,,,,,,"",""
ball,1,43.2,Colombo Cricket Club,M Bhanuka,A Bandara,A Premaratne,1,0,,,,,,"",""
ball,1,43.3,Colombo Cricket Club,A Bandara,M Bhanuka,A Premaratne,0,1,,1,,,,"",""
ball,1,43.4,Colombo Cricket Club,A Bandara,M Bhanuka,A Premaratne,0,0,,,,,,"",""
ball,1,43.5,Colombo Cricket Club,A Bandara,M Bhanuka,A Premaratne,0,0,,,,,,"",""
ball,1,43.6,Colombo Cricket Club,A Bandara,M Bhanuka,A Premaratne,0,0,,,,,,"",""
ball,1,43.7,Colombo Cricket Club,A Bandara,M Bhanuka,A Premaratne,0,0,,,,,,"",""
ball,1,44.1,Colombo Cricket Club,M Bhanuka,A Bandara,PLM Jayaratne,0,0,,,,,,"",""
ball,1,44.2,Colombo Cricket Club,M Bhanuka,A Bandara,PLM Jayaratne,0,0,,,,,,"",""
ball,1,44.3,Colombo Cricket Club,M Bhanuka,A Bandara,PLM Jayaratne,0,0,,,,,,"",""
ball,1,44.4,Colombo Cricket Club,M Bhanuka,A Bandara,PLM Jayaratne,0,0,,,,,,"",""
ball,1,44.5,Colombo Cricket Club,M Bhanuka,A Bandara,PLM Jayaratne,0,0,,,,,,"",""
ball,1,44.6,Colombo Cricket Club,M Bhanuka,A Bandara,PLM Jayaratne,0,0,,,,,,"",""
ball,1,45.1,Colombo Cricket Club,A Bandara,M Bhanuka,MLR Karunaratne,0,0,,,,,,"",""
ball,1,45.2,Colombo Cricket Club,A Bandara,M Bhanuka,MLR Karunaratne,0,0,,,,,,"",""
ball,1,45.3,Colombo Cricket Club,A Bandara,M Bhanuka,MLR Karunaratne,0,0,,,,,,caught,A Bandara
ball,1,45.4,Colombo Cricket Club,C Wijesinghe,M Bhanuka,MLR Karunaratne,1,0,,,,,,"",""
ball,1,45.5,Colombo Cricket Club,M Bhanuka,C Wijesinghe,MLR Karunaratne,0,0,,,,,,"",""
ball,1,45.6,Colombo Cricket Club,M Bhanuka,C Wijesinghe,MLR Karunaratne,0,0,,,,,,"",""
ball,1,46.1,Colombo Cricket Club,C Wijesinghe,M Bhanuka,HGK Dilshan,1,0,,,,,,"",""
ball,1,46.2,Colombo Cricket Club,M Bhanuka,C Wijesinghe,HGK Dilshan,4,0,,,,,,"",""
ball,1,46.3,Colombo Cricket Club,M Bhanuka,C Wijesinghe,HGK Dilshan,2,0,,,,,,"",""
ball,1,46.4,Colombo Cricket Club,M Bhanuka,C Wijesinghe,HGK Dilshan,0,0,,,,,,"",""
ball,1,46.5,Colombo Cricket Club,M Bhanuka,C Wijesinghe,HGK Dilshan,1,0,,,,,,"",""
ball,1,46.6,Colombo Cricket Club,C Wijesinghe,M Bhanuka,HGK Dilshan,0,0,,,,,,"",""
ball,1,47.1,Colombo Cricket Club,M Bhanuka,C Wijesinghe,MLR Karunaratne,0,0,,,,,,"",""
ball,1,47.2,Colombo Cricket Club,M Bhanuka,C Wijesinghe,MLR Karunaratne,0,0,,,,,,"",""
ball,1,47.3,Colombo Cricket Club,M Bhanuka,C Wijesinghe,MLR Karunaratne,1,0,,,,,,"",""
ball,1,47.4,Colombo Cricket Club,C Wijesinghe,M Bhanuka,MLR Karunaratne,0,0,,,,,,"",""
ball,1,47.5,Colombo Cricket Club,C Wijesinghe,M Bhanuka,MLR Karunaratne,0,0,,,,,,"",""
ball,1,47.6,Colombo Cricket Club,C Wijesinghe,M Bhanuka,MLR Karunaratne,0,0,,,,,,"",""
ball,1,48.1,Colombo Cricket Club,M Bhanuka,C Wijesinghe,HGK Dilshan,0,0,,,,,,stumped,M Bhanuka
ball,1,48.2,Colombo Cricket Club,PWH de Silva,C Wijesinghe,HGK Dilshan,0,0,,,,,,"",""
ball,1,48.3,Colombo Cricket Club,PWH de Silva,C Wijesinghe,HGK Dilshan,6,0,,,,,,"",""
ball,1,48.4,Colombo Cricket Club,PWH de Silva,C Wijesinghe,HGK Dilshan,0,0,,,,,,caught,PWH de Silva
ball,1,48.5,Colombo Cricket Club,I Karannagoda,C Wijesinghe,HGK Dilshan,4,0,,,,,,"",""
ball,1,48.6,Colombo Cricket Club,I Karannagoda,C Wijesinghe,HGK Dilshan,0,0,,,,,,"",""
ball,1,49.1,Colombo Cricket Club,C Wijesinghe,I Karannagoda,MLR Karunaratne,0,0,,,,,,"",""
ball,1,49.2,Colombo Cricket Club,C Wijesinghe,I Karannagoda,MLR Karunaratne,0,0,,,,,,"",""
ball,1,49.3,Colombo Cricket Club,C Wijesinghe,I Karannagoda,MLR Karunaratne,0,0,,,,,,"",""
ball,1,49.4,Colombo Cricket Club,C Wijesinghe,I Karannagoda,MLR Karunaratne,0,0,,,,,,"",""
ball,1,49.5,Colombo Cricket Club,C Wijesinghe,I Karannagoda,MLR Karunaratne,1,0,,,,,,"",""
ball,1,49.6,Colombo Cricket Club,I Karannagoda,C Wijesinghe,MLR Karunaratne,1,0,,,,,,"",""
ball,1,50.1,Colombo Cricket Club,I Karannagoda,C Wijesinghe,HGK Dilshan,0,0,,,,,,"",""
ball,1,50.2,Colombo Cricket Club,I Karannagoda,C Wijesinghe,HGK Dilshan,1,0,,,,,,"",""
ball,1,50.3,Colombo Cricket Club,C Wijesinghe,I Karannagoda,HGK Dilshan,6,0,,,,,,"",""
ball,1,50.4,Colombo Cricket Club,C Wijesinghe,I Karannagoda,HGK Dilshan,4,0,,,,,,"",""
ball,1,50.5,Colombo Cricket Club,C Wijesinghe,I Karannagoda,HGK Dilshan,0,0,,,,,,"",""
ball,1,50.6,Colombo Cricket Club,C Wijesinghe,I Karannagoda,HGK Dilshan,0,0,,,,,,"",""
ball,1,51.1,Colombo Cricket Club,I Karannagoda,C Wijesinghe,MLR Karunaratne,0,0,,,,,,"",""
ball,1,51.2,Colombo Cricket Club,I Karannagoda,C Wijesinghe,MLR Karunaratne,0,0,,,,,,"",""
ball,1,51.3,Colombo Cricket Club,I Karannagoda,C Wijesinghe,MLR Karunaratne,4,0,,,,,,"",""
ball,1,51.4,Colombo Cricket Club,I Karannagoda,C Wijesinghe,MLR Karunaratne,0,0,,,,,,"",""
ball,1,51.5,Colombo Cricket Club,I Karannagoda,C Wijesinghe,MLR Karunaratne,0,0,,,,,,"",""
ball,1,51.6,Colombo Cricket Club,I Karannagoda,C Wijesinghe,MLR Karunaratne,0,0,,,,,,"",""
ball,1,52.1,Colombo Cricket Club,C Wijesinghe,I Karannagoda,PLM Jayaratne,2,0,,,,,,"",""
ball,1,52.2,Colombo Cricket Club,C Wijesinghe,I Karannagoda,PLM Jayaratne,0,0,,,,,,"",""
ball,1,52.3,Colombo Cricket Club,C Wijesinghe,I Karannagoda,PLM Jayaratne,0,0,,,,,,"",""
ball,1,52.4,Colombo Cricket Club,C Wijesinghe,I Karannagoda,PLM Jayaratne,0,0,,,,,,"",""
ball,1,52.5,Colombo Cricket Club,C Wijesinghe,I Karannagoda,PLM Jayaratne,0,0,,,,,,"",""
ball,1,52.6,Colombo Cricket Club,C Wijesinghe,I Karannagoda,PLM Jayaratne,0,0,,,,,,"",""
ball,1,53.1,Colombo Cricket Club,I Karannagoda,C Wijesinghe,A Premaratne,0,0,,,,,,"",""
ball,1,53.2,Colombo Cricket Club,I Karannagoda,C Wijesinghe,A Premaratne,0,1,,1,,,,"",""
ball,1,53.3,Colombo Cricket Club,I Karannagoda,C Wijesinghe,A Premaratne,0,0,,,,,,"",""
ball,1,53.4,Colombo Cricket Club,I Karannagoda,C Wijesinghe,A Premaratne,0,0,,,,,,"",""
ball,1,53.5,Colombo Cricket Club,I Karannagoda,C Wijesinghe,A Premaratne,0,0,,,,,,"",""
ball,1,53.6,Colombo Cricket Club,I Karannagoda,C Wijesinghe,A Premaratne,0,0,,,,,,"",""
ball,1,53.7,Colombo Cricket Club,I Karannagoda,C Wijesinghe,A Premaratne,0,0,,,,,,"",""
ball,1,54.1,Colombo Cricket Club,C Wijesinghe,I Karannagoda,PLM Jayaratne,0,0,,,,,,"",""
ball,1,54.2,Colombo Cricket Club,C Wijesinghe,I Karannagoda,PLM Jayaratne,0,0,,,,,,"",""
ball,1,54.3,Colombo Cricket Club,C Wijesinghe,I Karannagoda,PLM Jayaratne,0,0,,,,,,bowled,C Wijesinghe
ball,1,54.4,Colombo Cricket Club,PADLR Sandakan,I Karannagoda,PLM Jayaratne,0,0,,,,,,"",""
ball,1,54.5,Colombo Cricket Club,PADLR Sandakan,I Karannagoda,PLM Jayaratne,1,0,,,,,,"",""
ball,1,54.6,Colombo Cricket Club,I Karannagoda,PADLR Sandakan,PLM Jayaratne,0,0,,,,,,"",""
ball,1,55.1,Colombo Cricket Club,PADLR Sandakan,I Karannagoda,HGK Dilshan,0,0,,,,,,"",""
ball,1,55.2,Colombo Cricket Club,PADLR Sandakan,I Karannagoda,HGK Dilshan,1,0,,,,,,"",""
ball,1,55.3,Colombo Cricket Club,I Karannagoda,PADLR Sandakan,HGK Dilshan,0,0,,,,,,"",""
ball,1,55.4,Colombo Cricket Club,I Karannagoda,PADLR Sandakan,HGK Dilshan,0,0,,,,,,"",""
ball,1,55.5,Colombo Cricket Club,I Karannagoda,PADLR Sandakan,HGK Dilshan,1,0,,,,,,"",""
ball,1,55.6,Colombo Cricket Club,PADLR Sandakan,I Karannagoda,HGK Dilshan,0,0,,,,,,"",""
ball,1,56.1,Colombo Cricket Club,I Karannagoda,PADLR Sandakan,PLM Jayaratne,0,0,,,,,,"",""
ball,1,56.2,Colombo Cricket Club,I Karannagoda,PADLR Sandakan,PLM Jayaratne,0,0,,,,,,"",""
ball,1,56.3,Colombo Cricket Club,I Karannagoda,PADLR Sandakan,PLM Jayaratne,0,0,,,,,,"",""
ball,1,56.4,Colombo Cricket Club,I Karannagoda,PADLR Sandakan,PLM Jayaratne,0,0,,,,,,"",""
ball,1,56.5,Colombo Cricket Club,I Karannagoda,PADLR Sandakan,PLM Jayaratne,0,0,,,,,,"",""
ball,1,56.6,Colombo Cricket Club,I Karannagoda,PADLR Sandakan,PLM Jayaratne,0,0,,,,,,"",""
ball,1,57.1,Colombo Cricket Club,PADLR Sandakan,I Karannagoda,HGK Dilshan,0,0,,,,,,"",""
ball,1,57.2,Colombo Cricket Club,PADLR Sandakan,I Karannagoda,HGK Dilshan,0,0,,,,,,"",""
ball,1,57.3,Colombo Cricket Club,PADLR Sandakan,I Karannagoda,HGK Dilshan,0,0,,,,,,"",""
ball,1,57.4,Colombo Cricket Club,PADLR Sandakan,I Karannagoda,HGK Dilshan,0,0,,,,,,"",""
ball,1,57.5,Colombo Cricket Club,PADLR Sandakan,I Karannagoda,HGK Dilshan,0,0,,,,,,"",""
ball,1,57.6,Colombo Cricket Club,PADLR Sandakan,I Karannagoda,HGK Dilshan,0,0,,,,,,"",""
ball,1,58.1,Colombo Cricket Club,I Karannagoda,PADLR Sandakan,PLM Jayaratne,0,0,,,,,,"",""
ball,1,58.2,Colombo Cricket Club,I Karannagoda,PADLR Sandakan,PLM Jayaratne,0,0,,,,,,"",""
ball,1,58.3,Colombo Cricket Club,I Karannagoda,PADLR Sandakan,PLM Jayaratne,0,0,,,,,,"",""
ball,1,58.4,Colombo Cricket Club,I Karannagoda,PADLR Sandakan,PLM Jayaratne,0,0,,,,,,"",""
ball,1,58.5,Colombo Cricket Club,I Karannagoda,PADLR Sandakan,PLM Jayaratne,0,0,,,,,,"",""
ball,1,58.6,Colombo Cricket Club,I Karannagoda,PADLR Sandakan,PLM Jayaratne,1,0,,,,,,"",""
ball,1,59.1,Colombo Cricket Club,I Karannagoda,PADLR Sandakan,HGK Dilshan,6,0,,,,,,"",""
ball,1,59.2,Colombo Cricket Club,I Karannagoda,PADLR Sandakan,HGK Dilshan,4,0,,,,,,"",""
ball,1,59.3,Colombo Cricket Club,I Karannagoda,PADLR Sandakan,HGK Dilshan,0,0,,,,,,"",""
ball,1,59.4,Colombo Cricket Club,I Karannagoda,PADLR Sandakan,HGK Dilshan,1,0,,,,,,"",""
ball,1,59.5,Colombo Cricket Club,PADLR Sandakan,I Karannagoda,HGK Dilshan,0,0,,,,,,"",""
ball,1,59.6,Colombo Cricket Club,PADLR Sandakan,I Karannagoda,HGK Dilshan,0,0,,,,,,"",""
ball,1,60.1,Colombo Cricket Club,I Karannagoda,PADLR Sandakan,PLM Jayaratne,0,0,,,,,,"",""
ball,1,60.2,Colombo Cricket Club,I Karannagoda,PADLR Sandakan,PLM Jayaratne,0,0,,,,,,caught,I Karannagoda
ball,1,60.3,Colombo Cricket Club,MVT Fernando,PADLR Sandakan,PLM Jayaratne,2,0,,,,,,"",""
ball,1,60.4,Colombo Cricket Club,MVT Fernando,PADLR Sandakan,PLM Jayaratne,0,0,,,,,,"",""
ball,1,60.5,Colombo Cricket Club,MVT Fernando,PADLR Sandakan,PLM Jayaratne,0,0,,,,,,"",""
ball,1,60.6,Colombo Cricket Club,MVT Fernando,PADLR Sandakan,PLM Jayaratne,0,0,,,,,,"",""
ball,1,61.1,Colombo Cricket Club,PADLR Sandakan,MVT Fernando,HGK Dilshan,4,0,,,,,,"",""
ball,1,61.2,Colombo Cricket Club,PADLR Sandakan,MVT Fernando,HGK Dilshan,0,0,,,,,,"",""
ball,1,61.3,Colombo Cricket Club,PADLR Sandakan,MVT Fernando,HGK Dilshan,1,0,,,,,,"",""
ball,1,61.4,Colombo Cricket Club,MVT Fernando,PADLR Sandakan,HGK Dilshan,0,0,,,,,,"",""
ball,1,61.5,Colombo Cricket Club,MVT Fernando,PADLR Sandakan,HGK Dilshan,0,0,,,,,,"",""
ball,1,61.6,Colombo Cricket Club,MVT Fernando,PADLR Sandakan,HGK Dilshan,0,0,,,,,,"",""
ball,1,62.1,Colombo Cricket Club,PADLR Sandakan,MVT Fernando,PLM Jayaratne,0,0,,,,,,"",""
ball,1,62.2,Colombo Cricket Club,PADLR Sandakan,MVT Fernando,PLM Jayaratne,1,0,,,,,,"",""
ball,1,62.3,Colombo Cricket Club,MVT Fernando,PADLR Sandakan,PLM Jayaratne,1,0,,,,,,"",""
ball,1,62.4,Colombo Cricket Club,PADLR Sandakan,MVT Fernando,PLM Jayaratne,4,0,,,,,,"",""
ball,1,62.5,Colombo Cricket Club,PADLR Sandakan,MVT Fernando,PLM Jayaratne,0,0,,,,,,"",""
ball,1,62.6,Colombo Cricket Club,PADLR Sandakan,MVT Fernando,PLM Jayaratne,0,0,,,,,,"",""
ball,1,63.1,Colombo Cricket Club,MVT Fernando,PADLR Sandakan,HGK Dilshan,0,0,,,,,,"",""
ball,1,63.2,Colombo Cricket Club,MVT Fernando,PADLR Sandakan,HGK Dilshan,0,0,,,,,,"",""
ball,1,63.3,Colombo Cricket Club,MVT Fernando,PADLR Sandakan,HGK Dilshan,0,0,,,,,,"",""
ball,1,63.4,Colombo Cricket Club,MVT Fernando,PADLR Sandakan,HGK Dilshan,0,0,,,,,,"",""
ball,1,63.5,Colombo Cricket Club,MVT Fernando,PADLR Sandakan,HGK Dilshan,0,0,,,,,,"",""
ball,1,63.6,Colombo Cricket Club,MVT Fernando,PADLR Sandakan,HGK Dilshan,0,0,,,,,,"",""
ball,1,64.1,Colombo Cricket Club,PADLR Sandakan,MVT Fernando,D Malan,0,0,,,,,,"",""
ball,1,64.2,Colombo Cricket Club,PADLR Sandakan,MVT Fernando,D Malan,1,0,,,,,,"",""
ball,1,64.3,Colombo Cricket Club,MVT Fernando,PADLR Sandakan,D Malan,0,0,,,,,,"",""
ball,1,64.4,Colombo Cricket Club,MVT Fernando,PADLR Sandakan,D Malan,0,0,,,,,,"",""
ball,1,64.5,Colombo Cricket Club,MVT Fernando,PADLR Sandakan,D Malan,4,0,,,,,,"",""
ball,1,64.6,Colombo Cricket Club,MVT Fernando,PADLR Sandakan,D Malan,0,0,,,,,,"",""
ball,1,65.1,Colombo Cricket Club,PADLR Sandakan,MVT Fernando,HGK Dilshan,0,0,,,,,,"",""
ball,1,65.2,Colombo Cricket Club,PADLR Sandakan,MVT Fernando,HGK Dilshan,1,0,,,,,,"",""
ball,1,65.3,Colombo Cricket Club,MVT Fernando,PADLR Sandakan,HGK Dilshan,0,0,,,,,,caught,MVT Fernando
ball,2,0.1,Kurunegala Youth Cricket Club,WWAG Maneeshan,TD Polgampola,MVT Fernando,2,0,,,,,,"",""
ball,2,0.2,Kurunegala Youth Cricket Club,WWAG Maneeshan,TD Polgampola,MVT Fernando,0,0,,,,,,"",""
ball,2,0.3,Kurunegala Youth Cricket Club,WWAG Maneeshan,TD Polgampola,MVT Fernando,4,0,,,,,,"",""
ball,2,0.4,Kurunegala Youth Cricket Club,WWAG Maneeshan,TD Polgampola,MVT Fernando,2,0,,,,,,"",""
ball,2,0.5,Kurunegala Youth Cricket Club,WWAG Maneeshan,TD Polgampola,MVT Fernando,4,0,,,,,,"",""
ball,2,0.6,Kurunegala Youth Cricket Club,WWAG Maneeshan,TD Polgampola,MVT Fernando,4,0,,,,,,"",""
ball,2,1.1,Kurunegala Youth Cricket Club,TD Polgampola,WWAG Maneeshan,PWH de Silva,1,0,,,,,,"",""
ball,2,1.2,Kurunegala Youth Cricket Club,WWAG Maneeshan,TD Polgampola,PWH de Silva,0,0,,,,,,"",""
ball,2,1.3,Kurunegala Youth Cricket Club,WWAG Maneeshan,TD Polgampola,PWH de Silva,0,0,,,,,,"",""
ball,2,1.4,Kurunegala Youth Cricket Club,WWAG Maneeshan,TD Polgampola,PWH de Silva,0,0,,,,,,"",""
ball,2,1.5,Kurunegala Youth Cricket Club,WWAG Maneeshan,TD Polgampola,PWH de Silva,0,0,,,,,,"",""
ball,2,1.6,Kurunegala Youth Cricket Club,WWAG Maneeshan,TD Polgampola,PWH de Silva,1,0,,,,,,"",""
ball,2,2.1,Kurunegala Youth Cricket Club,WWAG Maneeshan,TD Polgampola,C Wijesinghe,0,0,,,,,,"",""
ball,2,2.2,Kurunegala Youth Cricket Club,WWAG Maneeshan,TD Polgampola,C Wijesinghe,1,0,,,,,,"",""
ball,2,2.3,Kurunegala Youth Cricket Club,TD Polgampola,WWAG Maneeshan,C Wijesinghe,0,0,,,,,,"",""
ball,2,2.4,Kurunegala Youth Cricket Club,TD Polgampola,WWAG Maneeshan,C Wijesinghe,0,0,,,,,,"",""
ball,2,2.5,Kurunegala Youth Cricket Club,TD Polgampola,WWAG Maneeshan,C Wijesinghe,1,0,,,,,,"",""
ball,2,2.6,Kurunegala Youth Cricket Club,WWAG Maneeshan,TD Polgampola,C Wijesinghe,1,0,,,,,,"",""
ball,2,3.1,Kurunegala Youth Cricket Club,WWAG Maneeshan,TD Polgampola,MVT Fernando,4,0,,,,,,"",""
ball,2,3.2,Kurunegala Youth Cricket Club,WWAG Maneeshan,TD Polgampola,MVT Fernando,4,0,,,,,,"",""
ball,2,3.3,Kurunegala Youth Cricket Club,WWAG Maneeshan,TD Polgampola,MVT Fernando,0,0,,,,,,"",""
ball,2,3.4,Kurunegala Youth Cricket Club,WWAG Maneeshan,TD Polgampola,MVT Fernando,1,0,,,,,,"",""
ball,2,3.5,Kurunegala Youth Cricket Club,TD Polgampola,WWAG Maneeshan,MVT Fernando,0,0,,,,,,"",""
ball,2,3.6,Kurunegala Youth Cricket Club,TD Polgampola,WWAG Maneeshan,MVT Fernando,1,0,,,,,,"",""
ball,2,4.1,Kurunegala Youth Cricket Club,TD Polgampola,WWAG Maneeshan,C Wijesinghe,0,0,,,,,,caught,TD Polgampola
ball,2,4.2,Kurunegala Youth Cricket Club,G Weerasinghe,WWAG Maneeshan,C Wijesinghe,0,0,,,,,,"",""
ball,2,4.3,Kurunegala Youth Cricket Club,G Weerasinghe,WWAG Maneeshan,C Wijesinghe,0,0,,,,,,"",""
ball,2,4.4,Kurunegala Youth Cricket Club,G Weerasinghe,WWAG Maneeshan,C Wijesinghe,0,0,,,,,,"",""
ball,2,4.5,Kurunegala Youth Cricket Club,G Weerasinghe,WWAG Maneeshan,C Wijesinghe,0,0,,,,,,"",""
ball,2,4.6,Kurunegala Youth Cricket Club,G Weerasinghe,WWAG Maneeshan,C Wijesinghe,2,0,,,,,,"",""
ball,2,5.1,Kurunegala Youth Cricket Club,WWAG Maneeshan,G Weerasinghe,MVT Fernando,0,0,,,,,,"",""
ball,2,5.2,Kurunegala Youth Cricket Club,WWAG Maneeshan,G Weerasinghe,MVT Fernando,4,0,,,,,,"",""
ball,2,5.3,Kurunegala Youth Cricket Club,WWAG Maneeshan,G Weerasinghe,MVT Fernando,0,0,,,,,,"",""
ball,2,5.4,Kurunegala Youth Cricket Club,WWAG Maneeshan,G Weerasinghe,MVT Fernando,1,0,,,,,,"",""
ball,2,5.5,Kurunegala Youth Cricket Club,G Weerasinghe,WWAG Maneeshan,MVT Fernando,0,0,,,,,,"",""
ball,2,5.6,Kurunegala Youth Cricket Club,G Weerasinghe,WWAG Maneeshan,MVT Fernando,0,0,,,,,,"",""
ball,2,6.1,Kurunegala Youth Cricket Club,WWAG Maneeshan,G Weerasinghe,C Wijesinghe,0,0,,,,,,"",""
ball,2,6.2,Kurunegala Youth Cricket Club,WWAG Maneeshan,G Weerasinghe,C Wijesinghe,3,0,,,,,,"",""
ball,2,6.3,Kurunegala Youth Cricket Club,G Weerasinghe,WWAG Maneeshan,C Wijesinghe,0,0,,,,,,"",""
ball,2,6.4,Kurunegala Youth Cricket Club,G Weerasinghe,WWAG Maneeshan,C Wijesinghe,0,0,,,,,,"",""
ball,2,6.5,Kurunegala Youth Cricket Club,G Weerasinghe,WWAG Maneeshan,C Wijesinghe,0,0,,,,,,"",""
ball,2,6.6,Kurunegala Youth Cricket Club,G Weerasinghe,WWAG Maneeshan,C Wijesinghe,0,0,,,,,,"",""
ball,2,7.1,Kurunegala Youth Cricket Club,WWAG Maneeshan,G Weerasinghe,PWH de Silva,0,0,,,,,,"",""
ball,2,7.2,Kurunegala Youth Cricket Club,WWAG Maneeshan,G Weerasinghe,PWH de Silva,4,0,,,,,,"",""
ball,2,7.3,Kurunegala Youth Cricket Club,WWAG Maneeshan,G Weerasinghe,PWH de Silva,1,0,,,,,,"",""
ball,2,7.4,Kurunegala Youth Cricket Club,G Weerasinghe,WWAG Maneeshan,PWH de Silva,1,0,,,,,,"",""
ball,2,7.5,Kurunegala Youth Cricket Club,WWAG Maneeshan,G Weerasinghe,PWH de Silva,1,0,,,,,,"",""
ball,2,7.6,Kurunegala Youth Cricket Club,G Weerasinghe,WWAG Maneeshan,PWH de Silva,0,0,,,,,,"",""
ball,2,8.1,Kurunegala Youth Cricket Club,WWAG Maneeshan,G Weerasinghe,SN Gunasinghe,0,1,,1,,,,"",""
ball,2,8.2,Kurunegala Youth Cricket Club,WWAG Maneeshan,G Weerasinghe,SN Gunasinghe,1,0,,,,,,"",""
ball,2,8.3,Kurunegala Youth Cricket Club,G Weerasinghe,WWAG Maneeshan,SN Gunasinghe,0,0,,,,,,"",""
ball,2,8.4,Kurunegala Youth Cricket Club,G Weerasinghe,WWAG Maneeshan,SN Gunasinghe,1,0,,,,,,"",""
ball,2,8.5,Kurunegala Youth Cricket Club,WWAG Maneeshan,G Weerasinghe,SN Gunasinghe,1,0,,,,,,"",""
ball,2,8.6,Kurunegala Youth Cricket Club,G Weerasinghe,WWAG Maneeshan,SN Gunasinghe,1,0,,,,,,"",""
ball,2,8.7,Kurunegala Youth Cricket Club,WWAG Maneeshan,G Weerasinghe,SN Gunasinghe,1,0,,,,,,"",""
ball,2,9.1,Kurunegala Youth Cricket Club,WWAG Maneeshan,G Weerasinghe,PWH de Silva,1,0,,,,,,"",""
ball,2,9.2,Kurunegala Youth Cricket Club,G Weerasinghe,WWAG Maneeshan,PWH de Silva,0,0,,,,,,"",""
ball,2,9.3,Kurunegala Youth Cricket Club,G Weerasinghe,WWAG Maneeshan,PWH de Silva,2,0,,,,,,"",""
ball,2,9.4,Kurunegala Youth Cricket Club,G Weerasinghe,WWAG Maneeshan,PWH de Silva,0,0,,,,,,"",""
ball,2,9.5,Kurunegala Youth Cricket Club,G Weerasinghe,WWAG Maneeshan,PWH de Silva,0,0,,,,,,"",""
ball,2,9.6,Kurunegala Youth Cricket Club,G Weerasinghe,WWAG Maneeshan,PWH de Silva,0,0,,,,,,"",""
ball,2,10.1,Kurunegala Youth Cricket Club,WWAG Maneeshan,G Weerasinghe,SN Gunasinghe,0,0,,,,,,"",""
ball,2,10.2,Kurunegala Youth Cricket Club,WWAG Maneeshan,G Weerasinghe,SN Gunasinghe,0,0,,,,,,"",""
ball,2,10.3,Kurunegala Youth Cricket Club,WWAG Maneeshan,G Weerasinghe,SN Gunasinghe,1,0,,,,,,"",""
ball,2,10.4,Kurunegala Youth Cricket Club,G Weerasinghe,WWAG Maneeshan,SN Gunasinghe,1,0,,,,,,"",""
ball,2,10.5,Kurunegala Youth Cricket Club,WWAG Maneeshan,G Weerasinghe,SN Gunasinghe,1,0,,,,,,"",""
ball,2,10.6,Kurunegala Youth Cricket Club,G Weerasinghe,WWAG Maneeshan,SN Gunasinghe,0,0,,,,,,"",""
ball,2,11.1,Kurunegala Youth Cricket Club,WWAG Maneeshan,G Weerasinghe,PWH de Silva,2,0,,,,,,"",""
ball,2,11.2,Kurunegala Youth Cricket Club,WWAG Maneeshan,G Weerasinghe,PWH de Silva,1,0,,,,,,"",""
ball,2,11.3,Kurunegala Youth Cricket Club,G Weerasinghe,WWAG Maneeshan,PWH de Silva,4,0,,,,,,"",""
ball,2,11.4,Kurunegala Youth Cricket Club,G Weerasinghe,WWAG Maneeshan,PWH de Silva,1,0,,,,,,"",""
ball,2,11.5,Kurunegala Youth Cricket Club,WWAG Maneeshan,G Weerasinghe,PWH de Silva,1,0,,,,,,"",""
ball,2,11.6,Kurunegala Youth Cricket Club,G Weerasinghe,WWAG Maneeshan,PWH de Silva,0,0,,,,,,"",""
ball,2,12.1,Kurunegala Youth Cricket Club,WWAG Maneeshan,G Weerasinghe,L Croospulle,0,0,,,,,,"",""
ball,2,12.2,Kurunegala Youth Cricket Club,WWAG Maneeshan,G Weerasinghe,L Croospulle,0,0,,,,,,"",""
ball,2,12.3,Kurunegala Youth Cricket Club,WWAG Maneeshan,G Weerasinghe,L Croospulle,0,1,,,,1,,"",""
ball,2,12.4,Kurunegala Youth Cricket Club,G Weerasinghe,WWAG Maneeshan,L Croospulle,0,0,,,,,,"",""
ball,2,12.5,Kurunegala Youth Cricket Club,G Weerasinghe,WWAG Maneeshan,L Croospulle,1,0,,,,,,"",""
ball,2,12.6,Kurunegala Youth Cricket Club,WWAG Maneeshan,G Weerasinghe,L Croospulle,0,0,,,,,,"",""
ball,2,13.1,Kurunegala Youth Cricket Club,G Weerasinghe,WWAG Maneeshan,PWH de Silva,0,0,,,,,,"",""
ball,2,13.2,Kurunegala Youth Cricket Club,G Weerasinghe,WWAG Maneeshan,PWH de Silva,0,0,,,,,,"",""
ball,2,13.3,Kurunegala Youth Cricket Club,G Weerasinghe,WWAG Maneeshan,PWH de Silva,0,0,,,,,,"",""
ball,2,13.4,Kurunegala Youth Cricket Club,G Weerasinghe,WWAG Maneeshan,PWH de Silva,0,0,,,,,,"",""
ball,2,13.5,Kurunegala Youth Cricket Club,G Weerasinghe,WWAG Maneeshan,PWH de Silva,0,0,,,,,,"",""
ball,2,13.6,Kurunegala Youth Cricket Club,G Weerasinghe,WWAG Maneeshan,PWH de Silva,4,0,,,,,,"",""
ball,2,14.1,Kurunegala Youth Cricket Club,WWAG Maneeshan,G Weerasinghe,L Croospulle,0,0,,,,,,"",""
ball,2,14.2,Kurunegala Youth Cricket Club,WWAG Maneeshan,G Weerasinghe,L Croospulle,0,0,,,,,,"",""
ball,2,14.3,Kurunegala Youth Cricket Club,WWAG Maneeshan,G Weerasinghe,L Croospulle,1,0,,,,,,"",""
ball,2,14.4,Kurunegala Youth Cricket Club,G Weerasinghe,WWAG Maneeshan,L Croospulle,0,0,,,,,,"",""
ball,2,14.5,Kurunegala Youth Cricket Club,G Weerasinghe,WWAG Maneeshan,L Croospulle,0,0,,,,,,"",""
ball,2,14.6,Kurunegala Youth Cricket Club,G Weerasinghe,WWAG Maneeshan,L Croospulle,1,0,,,,,,"",""
ball,2,15.1,Kurunegala Youth Cricket Club,G Weerasinghe,WWAG Maneeshan,PWH de Silva,0,0,,,,,,"",""
ball,2,15.2,Kurunegala Youth Cricket Club,G Weerasinghe,WWAG Maneeshan,PWH de Silva,1,0,,,,,,"",""
ball,2,15.3,Kurunegala Youth Cricket Club,WWAG Maneeshan,G Weerasinghe,PWH de Silva,0,0,,,,,,"",""
ball,2,15.4,Kurunegala Youth Cricket Club,WWAG Maneeshan,G Weerasinghe,PWH de Silva,1,0,,,,,,"",""
ball,2,15.5,Kurunegala Youth Cricket Club,G Weerasinghe,WWAG Maneeshan,PWH de Silva,3,0,,,,,,"",""
ball,2,15.6,Kurunegala Youth Cricket Club,WWAG Maneeshan,G Weerasinghe,PWH de Silva,1,0,,,,,,"",""
ball,2,16.1,Kurunegala Youth Cricket Club,WWAG Maneeshan,G Weerasinghe,I Karannagoda,0,0,,,,,,"",""
ball,2,16.2,Kurunegala Youth Cricket Club,WWAG Maneeshan,G Weerasinghe,I Karannagoda,1,0,,,,,,"",""
ball,2,16.3,Kurunegala Youth Cricket Club,G Weerasinghe,WWAG Maneeshan,I Karannagoda,0,0,,,,,,"",""
ball,2,16.4,Kurunegala Youth Cricket Club,G Weerasinghe,WWAG Maneeshan,I Karannagoda,0,0,,,,,,"",""
ball,2,16.5,Kurunegala Youth Cricket Club,G Weerasinghe,WWAG Maneeshan,I Karannagoda,0,0,,,,,,"",""
ball,2,16.6,Kurunegala Youth Cricket Club,G Weerasinghe,WWAG Maneeshan,I Karannagoda,0,0,,,,,,"",""
ball,2,17.1,Kurunegala Youth Cricket Club,WWAG Maneeshan,G Weerasinghe,PWH de Silva,1,0,,,,,,"",""
ball,2,17.2,Kurunegala Youth Cricket Club,G Weerasinghe,WWAG Maneeshan,PWH de Silva,0,0,,,,,,"",""
ball,2,17.3,Kurunegala Youth Cricket Club,G Weerasinghe,WWAG Maneeshan,PWH de Silva,4,0,,,,,,"",""
ball,2,17.4,Kurunegala Youth Cricket Club,G Weerasinghe,WWAG Maneeshan,PWH de Silva,0,0,,,,,,"",""
ball,2,17.5,Kurunegala Youth Cricket Club,G Weerasinghe,WWAG Maneeshan,PWH de Silva,1,0,,,,,,"",""
ball,2,17.6,Kurunegala Youth Cricket Club,WWAG Maneeshan,G Weerasinghe,PWH de Silva,1,0,,,,,,"",""
ball,2,18.1,Kurunegala Youth Cricket Club,WWAG Maneeshan,G Weerasinghe,I Karannagoda,1,0,,,,,,"",""
ball,2,18.2,Kurunegala Youth Cricket Club,G Weerasinghe,WWAG Maneeshan,I Karannagoda,0,0,,,,,,"",""
ball,2,18.3,Kurunegala Youth Cricket Club,G Weerasinghe,WWAG Maneeshan,I Karannagoda,0,0,,,,,,"",""
ball,2,18.4,Kurunegala Youth Cricket Club,G Weerasinghe,WWAG Maneeshan,I Karannagoda,4,0,,,,,,"",""
ball,2,18.5,Kurunegala Youth Cricket Club,G Weerasinghe,WWAG Maneeshan,I Karannagoda,1,0,,,,,,"",""
ball,2,18.6,Kurunegala Youth Cricket Club,WWAG Maneeshan,G Weerasinghe,I Karannagoda,1,0,,,,,,"",""
ball,2,19.1,Kurunegala Youth Cricket Club,WWAG Maneeshan,G Weerasinghe,PADLR Sandakan,0,0,,,,,,"",""
ball,2,19.2,Kurunegala Youth Cricket Club,WWAG Maneeshan,G Weerasinghe,PADLR Sandakan,0,4,,,4,,,"",""
ball,2,19.3,Kurunegala Youth Cricket Club,WWAG Maneeshan,G Weerasinghe,PADLR Sandakan,0,0,,,,,,"",""
ball,2,19.4,Kurunegala Youth Cricket Club,WWAG Maneeshan,G Weerasinghe,PADLR Sandakan,1,0,,,,,,"",""
ball,2,19.5,Kurunegala Youth Cricket Club,G Weerasinghe,WWAG Maneeshan,PADLR Sandakan,0,0,,,,,,"",""
ball,2,19.6,Kurunegala Youth Cricket Club,G Weerasinghe,WWAG Maneeshan,PADLR Sandakan,0,0,,,,,,"",""
ball,2,20.1,Kurunegala Youth Cricket Club,WWAG Maneeshan,G Weerasinghe,I Karannagoda,6,0,,,,,,"",""
ball,2,20.2,Kurunegala Youth Cricket Club,WWAG Maneeshan,G Weerasinghe,I Karannagoda,0,0,,,,,,"",""
ball,2,20.3,Kurunegala Youth Cricket Club,WWAG Maneeshan,G Weerasinghe,I Karannagoda,0,0,,,,,,"",""
ball,2,20.4,Kurunegala Youth Cricket Club,WWAG Maneeshan,G Weerasinghe,I Karannagoda,0,1,,,,1,,"",""
ball,2,20.5,Kurunegala Youth Cricket Club,G Weerasinghe,WWAG Maneeshan,I Karannagoda,0,0,,,,,,"",""
ball,2,20.6,Kurunegala Youth Cricket Club,G Weerasinghe,WWAG Maneeshan,I Karannagoda,0,0,,,,,,"",""
ball,2,21.1,Kurunegala Youth Cricket Club,WWAG Maneeshan,G Weerasinghe,PADLR Sandakan,0,0,,,,,,"",""
ball,2,21.2,Kurunegala Youth Cricket Club,WWAG Maneeshan,G Weerasinghe,PADLR Sandakan,0,0,,,,,,"",""
ball,2,21.3,Kurunegala Youth Cricket Club,WWAG Maneeshan,G Weerasinghe,PADLR Sandakan,0,0,,,,,,"",""
ball,2,21.4,Kurunegala Youth Cricket Club,WWAG Maneeshan,G Weerasinghe,PADLR Sandakan,0,0,,,,,,"",""
ball,2,21.5,Kurunegala Youth Cricket Club,WWAG Maneeshan,G Weerasinghe,PADLR Sandakan,1,0,,,,,,"",""
ball,2,21.6,Kurunegala Youth Cricket Club,G Weerasinghe,WWAG Maneeshan,PADLR Sandakan,0,0,,,,,,"",""
ball,2,22.1,Kurunegala Youth Cricket Club,WWAG Maneeshan,G Weerasinghe,C Wijesinghe,0,0,,,,,,"",""
ball,2,22.2,Kurunegala Youth Cricket Club,WWAG Maneeshan,G Weerasinghe,C Wijesinghe,1,0,,,,,,"",""
ball,2,22.3,Kurunegala Youth Cricket Club,G Weerasinghe,WWAG Maneeshan,C Wijesinghe,0,0,,,,,,"",""
ball,2,22.4,Kurunegala Youth Cricket Club,G Weerasinghe,WWAG Maneeshan,C Wijesinghe,0,0,,,,,,"",""
ball,2,22.5,Kurunegala Youth Cricket Club,G Weerasinghe,WWAG Maneeshan,C Wijesinghe,5,0,,,,,,"",""
ball,2,22.6,Kurunegala Youth Cricket Club,WWAG Maneeshan,G Weerasinghe,C Wijesinghe,0,0,,,,,,"",""
ball,2,23.1,Kurunegala Youth Cricket Club,G Weerasinghe,WWAG Maneeshan,I Karannagoda,2,0,,,,,,"",""
ball,2,23.2,Kurunegala Youth Cricket Club,G Weerasinghe,WWAG Maneeshan,I Karannagoda,4,0,,,,,,"",""
ball,2,23.3,Kurunegala Youth Cricket Club,G Weerasinghe,WWAG Maneeshan,I Karannagoda,0,0,,,,,,"",""
ball,2,23.4,Kurunegala Youth Cricket Club,G Weerasinghe,WWAG Maneeshan,I Karannagoda,0,0,,,,,,"",""
ball,2,23.5,Kurunegala Youth Cricket Club,G Weerasinghe,WWAG Maneeshan,I Karannagoda,0,0,,,,,,"",""
ball,2,23.6,Kurunegala Youth Cricket Club,G Weerasinghe,WWAG Maneeshan,I Karannagoda,0,0,,,,,,"",""
ball,2,24.1,Kurunegala Youth Cricket Club,WWAG Maneeshan,G Weerasinghe,C Wijesinghe,0,0,,,,,,"",""
ball,2,24.2,Kurunegala Youth Cricket Club,WWAG Maneeshan,G Weerasinghe,C Wijesinghe,1,0,,,,,,"",""
ball,2,24.3,Kurunegala Youth Cricket Club,G Weerasinghe,WWAG Maneeshan,C Wijesinghe,0,0,,,,,,"",""
ball,2,24.4,Kurunegala Youth Cricket Club,G Weerasinghe,WWAG Maneeshan,C Wijesinghe,0,0,,,,,,"",""
ball,2,24.5,Kurunegala Youth Cricket Club,G Weerasinghe,WWAG Maneeshan,C Wijesinghe,0,1,1,,,,,"",""
ball,2,24.6,Kurunegala Youth Cricket Club,G Weerasinghe,WWAG Maneeshan,C Wijesinghe,0,0,,,,,,"",""
ball,2,24.7,Kurunegala Youth Cricket Club,G Weerasinghe,WWAG Maneeshan,C Wijesinghe,0,0,,,,,,"",""
ball,2,25.1,Kurunegala Youth Cricket Club,WWAG Maneeshan,G Weerasinghe,I Karannagoda,1,0,,,,,,"",""
ball,2,25.2,Kurunegala Youth Cricket Club,G Weerasinghe,WWAG Maneeshan,I Karannagoda,0,0,,,,,,"",""
ball,2,25.3,Kurunegala Youth Cricket Club,G Weerasinghe,WWAG Maneeshan,I Karannagoda,0,0,,,,,,"",""
ball,2,25.4,Kurunegala Youth Cricket Club,G Weerasinghe,WWAG Maneeshan,I Karannagoda,1,0,,,,,,"",""
ball,2,25.5,Kurunegala Youth Cricket Club,WWAG Maneeshan,G Weerasinghe,I Karannagoda,1,0,,,,,,"",""
ball,2,25.6,Kurunegala Youth Cricket Club,G Weerasinghe,WWAG Maneeshan,I Karannagoda,1,0,,,,,,"",""
ball,2,26.1,Kurunegala Youth Cricket Club,G Weerasinghe,WWAG Maneeshan,C Wijesinghe,0,0,,,,,,"",""
ball,2,26.2,Kurunegala Youth Cricket Club,G Weerasinghe,WWAG Maneeshan,C Wijesinghe,0,0,,,,,,"",""
ball,2,26.3,Kurunegala Youth Cricket Club,G Weerasinghe,WWAG Maneeshan,C Wijesinghe,0,0,,,,,,"",""
ball,2,26.4,Kurunegala Youth Cricket Club,G Weerasinghe,WWAG Maneeshan,C Wijesinghe,0,0,,,,,,"",""
ball,2,26.5,Kurunegala Youth Cricket Club,G Weerasinghe,WWAG Maneeshan,C Wijesinghe,0,0,,,,,,"",""
ball,2,26.6,Kurunegala Youth Cricket Club,G Weerasinghe,WWAG Maneeshan,C Wijesinghe,1,0,,,,,,"",""
ball,2,27.1,Kurunegala Youth Cricket Club,G Weerasinghe,WWAG Maneeshan,I Karannagoda,0,0,,,,,,"",""
ball,2,27.2,Kurunegala Youth Cricket Club,G Weerasinghe,WWAG Maneeshan,I Karannagoda,0,0,,,,,,"",""
ball,2,27.3,Kurunegala Youth Cricket Club,G Weerasinghe,WWAG Maneeshan,I Karannagoda,0,0,,,,,,"",""
ball,2,27.4,Kurunegala Youth Cricket Club,G Weerasinghe,WWAG Maneeshan,I Karannagoda,0,0,,,,,,"",""
ball,2,27.5,Kurunegala Youth Cricket Club,G Weerasinghe,WWAG Maneeshan,I Karannagoda,0,0,,,,,,"",""
ball,2,27.6,Kurunegala Youth Cricket Club,G Weerasinghe,WWAG Maneeshan,I Karannagoda,0,0,,,,,,"",""
ball,2,28.1,Kurunegala Youth Cricket Club,WWAG Maneeshan,G Weerasinghe,C Wijesinghe,1,0,,,,,,"",""
ball,2,28.2,Kurunegala Youth Cricket Club,G Weerasinghe,WWAG Maneeshan,C Wijesinghe,1,0,,,,,,"",""
ball,2,28.3,Kurunegala Youth Cricket Club,WWAG Maneeshan,G Weerasinghe,C Wijesinghe,0,0,,,,,,"",""
ball,2,28.4,Kurunegala Youth Cricket Club,WWAG Maneeshan,G Weerasinghe,C Wijesinghe,0,0,,,,,,"",""
ball,2,28.5,Kurunegala Youth Cricket Club,WWAG Maneeshan,G Weerasinghe,C Wijesinghe,0,0,,,,,,"",""
ball,2,28.6,Kurunegala Youth Cricket Club,WWAG Maneeshan,G Weerasinghe,C Wijesinghe,1,0,,,,,,"",""
ball,2,29.1,Kurunegala Youth Cricket Club,WWAG Maneeshan,G Weerasinghe,I Karannagoda,0,0,,,,,,"",""
ball,2,29.2,Kurunegala Youth Cricket Club,WWAG Maneeshan,G Weerasinghe,I Karannagoda,1,0,,,,,,"",""
ball,2,29.3,Kurunegala Youth Cricket Club,G Weerasinghe,WWAG Maneeshan,I Karannagoda,0,0,,,,,,"",""
ball,2,29.4,Kurunegala Youth Cricket Club,G Weerasinghe,WWAG Maneeshan,I Karannagoda,2,0,,,,,,"",""
ball,2,29.5,Kurunegala Youth Cricket Club,G Weerasinghe,WWAG Maneeshan,I Karannagoda,0,0,,,,,,"",""
ball,2,29.6,Kurunegala Youth Cricket Club,G Weerasinghe,WWAG Maneeshan,I Karannagoda,0,0,,,,,,caught,G Weerasinghe
ball,2,30.1,Kurunegala Youth Cricket Club,WWAG Maneeshan,LEK Edirisinghe,C Wijesinghe,0,0,,,,,,"",""
ball,2,30.2,Kurunegala Youth Cricket Club,WWAG Maneeshan,LEK Edirisinghe,C Wijesinghe,1,0,,,,,,"",""
ball,2,30.3,Kurunegala Youth Cricket Club,LEK Edirisinghe,WWAG Maneeshan,C Wijesinghe,1,0,,,,,,"",""
ball,2,30.4,Kurunegala Youth Cricket Club,WWAG Maneeshan,LEK Edirisinghe,C Wijesinghe,0,0,,,,,,"",""
ball,2,30.5,Kurunegala Youth Cricket Club,WWAG Maneeshan,LEK Edirisinghe,C Wijesinghe,0,0,,,,,,"",""
ball,2,30.6,Kurunegala Youth Cricket Club,WWAG Maneeshan,LEK Edirisinghe,C Wijesinghe,0,0,,,,,,"",""
ball,2,31.1,Kurunegala Youth Cricket Club,LEK Edirisinghe,WWAG Maneeshan,I Karannagoda,0,0,,,,,,"",""
ball,2,31.2,Kurunegala Youth Cricket Club,LEK Edirisinghe,WWAG Maneeshan,I Karannagoda,0,0,,,,,,"",""
ball,2,31.3,Kurunegala Youth Cricket Club,LEK Edirisinghe,WWAG Maneeshan,I Karannagoda,1,0,,,,,,"",""
ball,2,31.4,Kurunegala Youth Cricket Club,WWAG Maneeshan,LEK Edirisinghe,I Karannagoda,0,0,,,,,,"",""
ball,2,31.5,Kurunegala Youth Cricket Club,WWAG Maneeshan,LEK Edirisinghe,I Karannagoda,0,0,,,,,,"",""
ball,2,31.6,Kurunegala Youth Cricket Club,WWAG Maneeshan,LEK Edirisinghe,I Karannagoda,0,0,,,,,,stumped,WWAG Maneeshan
ball,2,32.1,Kurunegala Youth Cricket Club,LEK Edirisinghe,R Madushanka,C Wijesinghe,0,0,,,,,,"",""
ball,2,32.2,Kurunegala Youth Cricket Club,LEK Edirisinghe,R Madushanka,C Wijesinghe,0,0,,,,,,bowled,LEK Edirisinghe
ball,2,32.3,Kurunegala Youth Cricket Club,S Sadamal,R Madushanka,C Wijesinghe,1,0,,,,,,"",""
ball,2,32.4,Kurunegala Youth Cricket Club,R Madushanka,S Sadamal,C Wijesinghe,0,0,,,,,,"",""
ball,2,32.5,Kurunegala Youth Cricket Club,R Madushanka,S Sadamal,C Wijesinghe,0,0,,,,,,"",""
ball,2,32.6,Kurunegala Youth Cricket Club,R Madushanka,S Sadamal,C Wijesinghe,1,0,,,,,,"",""
ball,2,33.1,Kurunegala Youth Cricket Club,R Madushanka,S Sadamal,I Karannagoda,0,0,,,,,,"",""
ball,2,33.2,Kurunegala Youth Cricket Club,R Madushanka,S Sadamal,I Karannagoda,0,0,,,,,,"",""
ball,2,33.3,Kurunegala Youth Cricket Club,R Madushanka,S Sadamal,I Karannagoda,0,0,,,,,,"",""
ball,2,33.4,Kurunegala Youth Cricket Club,R Madushanka,S Sadamal,I Karannagoda,0,0,,,,,,"",""
ball,2,33.5,Kurunegala Youth Cricket Club,R Madushanka,S Sadamal,I Karannagoda,0,0,,,,,,"",""
ball,2,33.6,Kurunegala Youth Cricket Club,R Madushanka,S Sadamal,I Karannagoda,1,0,,,,,,"",""
ball,2,34.1,Kurunegala Youth Cricket Club,R Madushanka,S Sadamal,C Wijesinghe,1,0,,,,,,"",""
ball,2,34.2,Kurunegala Youth Cricket Club,S Sadamal,R Madushanka,C Wijesinghe,0,0,,,,,,"",""
ball,2,34.3,Kurunegala Youth Cricket Club,S Sadamal,R Madushanka,C Wijesinghe,1,0,,,,,,"",""
ball,2,34.4,Kurunegala Youth Cricket Club,R Madushanka,S Sadamal,C Wijesinghe,0,0,,,,,,"",""
ball,2,34.5,Kurunegala Youth Cricket Club,R Madushanka,S Sadamal,C Wijesinghe,0,0,,,,,,"",""
ball,2,34.6,Kurunegala Youth Cricket Club,R Madushanka,S Sadamal,C Wijesinghe,0,0,,,,,,"",""
ball,2,35.1,Kurunegala Youth Cricket Club,S Sadamal,R Madushanka,I Karannagoda,1,0,,,,,,"",""
ball,2,35.2,Kurunegala Youth Cricket Club,R Madushanka,S Sadamal,I Karannagoda,1,0,,,,,,"",""
ball,2,35.3,Kurunegala Youth Cricket Club,S Sadamal,R Madushanka,I Karannagoda,0,0,,,,,,"",""
ball,2,35.4,Kurunegala Youth Cricket Club,S Sadamal,R Madushanka,I Karannagoda,0,0,,,,,,"",""
ball,2,35.5,Kurunegala Youth Cricket Club,S Sadamal,R Madushanka,I Karannagoda,1,0,,,,,,"",""
ball,2,35.6,Kurunegala Youth Cricket Club,R Madushanka,S Sadamal,I Karannagoda,1,0,,,,,,"",""
ball,2,36.1,Kurunegala Youth Cricket Club,R Madushanka,S Sadamal,MVT Fernando,0,0,,,,,,"",""
ball,2,36.2,Kurunegala Youth Cricket Club,R Madushanka,S Sadamal,MVT Fernando,0,0,,,,,,"",""
ball,2,36.3,Kurunegala Youth Cricket Club,R Madushanka,S Sadamal,MVT Fernando,1,0,,,,,,"",""
ball,2,36.4,Kurunegala Youth Cricket Club,S Sadamal,R Madushanka,MVT Fernando,0,0,,,,,,"",""
ball,2,36.5,Kurunegala Youth Cricket Club,S Sadamal,R Madushanka,MVT Fernando,0,0,,,,,,"",""
ball,2,36.6,Kurunegala Youth Cricket Club,S Sadamal,R Madushanka,MVT Fernando,0,0,,,,,,"",""
ball,2,37.1,Kurunegala Youth Cricket Club,R Madushanka,S Sadamal,I Karannagoda,1,0,,,,,,"",""
ball,2,37.2,Kurunegala Youth Cricket Club,S Sadamal,R Madushanka,I Karannagoda,1,0,,,,,,"",""
ball,2,37.3,Kurunegala Youth Cricket Club,R Madushanka,S Sadamal,I Karannagoda,1,0,,,,,,"",""
ball,2,37.4,Kurunegala Youth Cricket Club,S Sadamal,R Madushanka,I Karannagoda,0,0,,,,,,caught,S Sadamal
ball,2,37.5,Kurunegala Youth Cricket Club,MLR Karunaratne,R Madushanka,I Karannagoda,0,0,,,,,,"",""
ball,2,37.6,Kurunegala Youth Cricket Club,MLR Karunaratne,R Madushanka,I Karannagoda,0,0,,,,,,"",""
ball,2,38.1,Kurunegala Youth Cricket Club,R Madushanka,MLR Karunaratne,MVT Fernando,1,0,,,,,,"",""
ball,2,38.2,Kurunegala Youth Cricket Club,MLR Karunaratne,R Madushanka,MVT Fernando,0,0,,,,,,"",""
ball,2,38.3,Kurunegala Youth Cricket Club,MLR Karunaratne,R Madushanka,MVT Fernando,0,0,,,,,,"",""
ball,2,38.4,Kurunegala Youth Cricket Club,MLR Karunaratne,R Madushanka,MVT Fernando,0,1,,,,1,,"",""
ball,2,38.5,Kurunegala Youth Cricket Club,R Madushanka,MLR Karunaratne,MVT Fernando,0,0,,,,,,"",""
ball,2,38.6,Kurunegala Youth Cricket Club,R Madushanka,MLR Karunaratne,MVT Fernando,0,0,,,,,,"",""
ball,2,39.1,Kurunegala Youth Cricket Club,MLR Karunaratne,R Madushanka,I Karannagoda,0,0,,,,,,"",""
ball,2,39.2,Kurunegala Youth Cricket Club,MLR Karunaratne,R Madushanka,I Karannagoda,0,0,,,,,,"",""
ball,2,39.3,Kurunegala Youth Cricket Club,MLR Karunaratne,R Madushanka,I Karannagoda,0,0,,,,,,"",""
ball,2,39.4,Kurunegala Youth Cricket Club,MLR Karunaratne,R Madushanka,I Karannagoda,0,0,,,,,,"",""
ball,2,39.5,Kurunegala Youth Cricket Club,MLR Karunaratne,R Madushanka,I Karannagoda,4,0,,,,,,"",""
ball,2,39.6,Kurunegala Youth Cricket Club,MLR Karunaratne,R Madushanka,I Karannagoda,0,0,,,,,,"",""
ball,2,40.1,Kurunegala Youth Cricket Club,R Madushanka,MLR Karunaratne,PWH de Silva,0,0,,,,,,"",""
ball,2,40.2,Kurunegala Youth Cricket Club,R Madushanka,MLR Karunaratne,PWH de Silva,0,0,,,,,,"",""
ball,2,40.3,Kurunegala Youth Cricket Club,R Madushanka,MLR Karunaratne,PWH de Silva,0,0,,,,,,"",""
ball,2,40.4,Kurunegala Youth Cricket Club,R Madushanka,MLR Karunaratne,PWH de Silva,1,0,,,,,,"",""
ball,2,40.5,Kurunegala Youth Cricket Club,MLR Karunaratne,R Madushanka,PWH de Silva,1,0,,,,,,"",""
ball,2,40.6,Kurunegala Youth Cricket Club,R Madushanka,MLR Karunaratne,PWH de Silva,0,0,,,,,,"",""
ball,2,41.1,Kurunegala Youth Cricket Club,MLR Karunaratne,R Madushanka,I Karannagoda,0,0,,,,,,"",""
ball,2,41.2,Kurunegala Youth Cricket Club,MLR Karunaratne,R Madushanka,I Karannagoda,0,0,,,,,,bowled,MLR Karunaratne
ball,2,41.3,Kurunegala Youth Cricket Club,D Malan,R Madushanka,I Karannagoda,2,0,,,,,,"",""
ball,2,41.4,Kurunegala Youth Cricket Club,D Malan,R Madushanka,I Karannagoda,4,0,,,,,,"",""
ball,2,41.5,Kurunegala Youth Cricket Club,D Malan,R Madushanka,I Karannagoda,0,0,,,,,,caught,D Malan
ball,2,41.6,Kurunegala Youth Cricket Club,PLM Jayaratne,R Madushanka,I Karannagoda,0,0,,,,,,caught,PLM Jayaratne
ball,2,42.1,Kurunegala Youth Cricket Club,R Madushanka,A Premaratne,PWH de Silva,0,0,,,,,,"",""
ball,2,42.2,Kurunegala Youth Cricket Club,R Madushanka,A Premaratne,PWH de Silva,0,0,,,,,,"",""
ball,2,42.3,Kurunegala Youth Cricket Club,R Madushanka,A Premaratne,PWH de Silva,0,0,,,,,,"",""
ball,2,42.4,Kurunegala Youth Cricket Club,R Madushanka,A Premaratne,PWH de Silva,0,0,,,,,,"",""
ball,2,42.5,Kurunegala Youth Cricket Club,R Madushanka,A Premaratne,PWH de Silva,0,0,,,,,,"",""
ball,2,42.6,Kurunegala Youth Cricket Club,R Madushanka,A Premaratne,PWH de Silva,1,0,,,,,,"",""
ball,2,43.1,Kurunegala Youth Cricket Club,R Madushanka,A Premaratne,I Karannagoda,0,0,,,,,,"",""
ball,2,43.2,Kurunegala Youth Cricket Club,R Madushanka,A Premaratne,I Karannagoda,0,0,,,,,,"",""
ball,2,43.3,Kurunegala Youth Cricket Club,R Madushanka,A Premaratne,I Karannagoda,0,0,,,,,,"",""
ball,2,43.4,Kurunegala Youth Cricket Club,R Madushanka,A Premaratne,I Karannagoda,0,0,,,,,,"",""
ball,2,43.5,Kurunegala Youth Cricket Club,R Madushanka,A Premaratne,I Karannagoda,0,0,,,,,,"",""
ball,2,43.6,Kurunegala Youth Cricket Club,R Madushanka,A Premaratne,I Karannagoda,0,0,,,,,,"",""
ball,2,44.1,Kurunegala Youth Cricket Club,A Premaratne,R Madushanka,PWH de Silva,0,0,,,,,,"",""
ball,2,44.2,Kurunegala Youth Cricket Club,A Premaratne,R Madushanka,PWH de Silva,0,0,,,,,,"",""
ball,2,44.3,Kurunegala Youth Cricket Club,A Premaratne,R Madushanka,PWH de Silva,0,0,,,,,,"",""
ball,2,44.4,Kurunegala Youth Cricket Club,A Premaratne,R Madushanka,PWH de Silva,0,0,,,,,,lbw,A Premaratne
ball,2,44.5,Kurunegala Youth Cricket Club,HGK Dilshan,R Madushanka,PWH de Silva,0,0,,,,,,"",""
ball,2,44.6,Kurunegala Youth Cricket Club,HGK Dilshan,R Madushanka,PWH de Silva,0,0,,,,,,"",""
ball,2,45.1,Kurunegala Youth Cricket Club,R Madushanka,HGK Dilshan,I Karannagoda,1,0,,,,,,"",""
ball,2,45.2,Kurunegala Youth Cricket Club,HGK Dilshan,R Madushanka,I Karannagoda,1,0,,,,,,"",""
ball,2,45.3,Kurunegala Youth Cricket Club,R Madushanka,HGK Dilshan,I Karannagoda,6,0,,,,,,"",""
ball,2,45.4,Kurunegala Youth Cricket Club,R Madushanka,HGK Dilshan,I Karannagoda,0,0,,,,,,"",""
ball,2,45.5,Kurunegala Youth Cricket Club,R Madushanka,HGK Dilshan,I Karannagoda,6,0,,,,,,"",""
ball,2,45.6,Kurunegala Youth Cricket Club,R Madushanka,HGK Dilshan,I Karannagoda,1,0,,,,,,"",""
ball,2,46.1,Kurunegala Youth Cricket Club,R Madushanka,HGK Dilshan,PWH de Silva,1,0,,,,,,"",""
ball,2,46.2,Kurunegala Youth Cricket Club,HGK Dilshan,R Madushanka,PWH de Silva,0,0,,,,,,"",""
ball,2,46.3,Kurunegala Youth Cricket Club,HGK Dilshan,R Madushanka,PWH de Silva,2,0,,,,,,"",""
ball,2,46.4,Kurunegala Youth Cricket Club,HGK Dilshan,R Madushanka,PWH de Silva,0,0,,,,,,"",""
ball,2,46.5,Kurunegala Youth Cricket Club,HGK Dilshan,R Madushanka,PWH de Silva,0,0,,,,,,"",""
ball,2,46.6,Kurunegala Youth Cricket Club,HGK Dilshan,R Madushanka,PWH de Silva,1,0,,,,,,"",""
ball,2,47.1,Kurunegala Youth Cricket Club,HGK Dilshan,R Madushanka,I Karannagoda,1,0,,,,,,"",""
ball,2,47.2,Kurunegala Youth Cricket Club,R Madushanka,HGK Dilshan,I Karannagoda,0,0,,,,,,"",""
ball,2,47.3,Kurunegala Youth Cricket Club,R Madushanka,HGK Dilshan,I Karannagoda,1,0,,,,,,"",""
ball,2,47.4,Kurunegala Youth Cricket Club,HGK Dilshan,R Madushanka,I Karannagoda,0,0,,,,,,"",""
ball,2,47.5,Kurunegala Youth Cricket Club,HGK Dilshan,R Madushanka,I Karannagoda,4,0,,,,,,"",""
ball,2,47.6,Kurunegala Youth Cricket Club,HGK Dilshan,R Madushanka,I Karannagoda,1,0,,,,,,"",""
ball,2,48.1,Kurunegala Youth Cricket Club,HGK Dilshan,R Madushanka,PWH de Silva,0,0,,,,,,caught,HGK Dilshan
ball,3,0.1,Colombo Cricket Club,L Croospulle,KNM Fernando,HGK Dilshan,0,0,,,,,,"",""
ball,3,0.2,Colombo Cricket Club,L Croospulle,KNM Fernando,HGK Dilshan,0,0,,,,,,"",""
ball,3,0.3,Colombo Cricket Club,L Croospulle,KNM Fernando,HGK Dilshan,0,0,,,,,,caught,L Croospulle
ball,3,0.4,Colombo Cricket Club,SN Gunasinghe,KNM Fernando,HGK Dilshan,4,0,,,,,,"",""
ball,3,0.5,Colombo Cricket Club,SN Gunasinghe,KNM Fernando,HGK Dilshan,1,0,,,,,,"",""
ball,3,0.6,Colombo Cricket Club,KNM Fernando,SN Gunasinghe,HGK Dilshan,0,0,,,,,,"",""
ball,3,1.1,Colombo Cricket Club,SN Gunasinghe,KNM Fernando,PLM Jayaratne,4,0,,,,,,"",""
ball,3,1.2,Colombo Cricket Club,SN Gunasinghe,KNM Fernando,PLM Jayaratne,0,0,,,,,,"",""
ball,3,1.3,Colombo Cricket Club,SN Gunasinghe,KNM Fernando,PLM Jayaratne,0,0,,,,,,"",""
ball,3,1.4,Colombo Cricket Club,SN Gunasinghe,KNM Fernando,PLM Jayaratne,0,0,,,,,,"",""
ball,3,1.5,Colombo Cricket Club,SN Gunasinghe,KNM Fernando,PLM Jayaratne,0,0,,,,,,"",""
ball,3,1.6,Colombo Cricket Club,SN Gunasinghe,KNM Fernando,PLM Jayaratne,0,0,,,,,,"",""
ball,3,2.1,Colombo Cricket Club,KNM Fernando,SN Gunasinghe,HGK Dilshan,0,0,,,,,,"",""
ball,3,2.2,Colombo Cricket Club,KNM Fernando,SN Gunasinghe,HGK Dilshan,1,0,,,,,,"",""
ball,3,2.3,Colombo Cricket Club,SN Gunasinghe,KNM Fernando,HGK Dilshan,0,0,,,,,,"",""
ball,3,2.4,Colombo Cricket Club,SN Gunasinghe,KNM Fernando,HGK Dilshan,0,0,,,,,,"",""
ball,3,2.5,Colombo Cricket Club,SN Gunasinghe,KNM Fernando,HGK Dilshan,0,0,,,,,,"",""
ball,3,2.6,Colombo Cricket Club,SN Gunasinghe,KNM Fernando,HGK Dilshan,1,0,,,,,,"",""
ball,3,3.1,Colombo Cricket Club,SN Gunasinghe,KNM Fernando,PLM Jayaratne,4,0,,,,,,"",""
ball,3,3.2,Colombo Cricket Club,SN Gunasinghe,KNM Fernando,PLM Jayaratne,0,0,,,,,,"",""
ball,3,3.3,Colombo Cricket Club,SN Gunasinghe,KNM Fernando,PLM Jayaratne,0,0,,,,,,"",""
ball,3,3.4,Colombo Cricket Club,SN Gunasinghe,KNM Fernando,PLM Jayaratne,0,0,,,,,,"",""
ball,3,3.5,Colombo Cricket Club,SN Gunasinghe,KNM Fernando,PLM Jayaratne,0,0,,,,,,"",""
ball,3,3.6,Colombo Cricket Club,SN Gunasinghe,KNM Fernando,PLM Jayaratne,0,0,,,,,,"",""
ball,3,4.1,Colombo Cricket Club,KNM Fernando,SN Gunasinghe,HGK Dilshan,0,0,,,,,,"",""
ball,3,4.2,Colombo Cricket Club,KNM Fernando,SN Gunasinghe,HGK Dilshan,0,0,,,,,,"",""
ball,3,4.3,Colombo Cricket Club,KNM Fernando,SN Gunasinghe,HGK Dilshan,0,0,,,,,,"",""
ball,3,4.4,Colombo Cricket Club,KNM Fernando,SN Gunasinghe,HGK Dilshan,4,0,,,,,,"",""
ball,3,4.5,Colombo Cricket Club,KNM Fernando,SN Gunasinghe,HGK Dilshan,0,0,,,,,,"",""
ball,3,4.6,Colombo Cricket Club,KNM Fernando,SN Gunasinghe,HGK Dilshan,0,0,,,,,,"",""
ball,3,5.1,Colombo Cricket Club,SN Gunasinghe,KNM Fernando,A Premaratne,0,0,,,,,,"",""
ball,3,5.2,Colombo Cricket Club,SN Gunasinghe,KNM Fernando,A Premaratne,0,0,,,,,,"",""
ball,3,5.3,Colombo Cricket Club,SN Gunasinghe,KNM Fernando,A Premaratne,0,0,,,,,,caught,SN Gunasinghe
ball,3,5.4,Colombo Cricket Club,M Bhanuka,KNM Fernando,A Premaratne,0,0,,,,,,"",""
ball,3,5.5,Colombo Cricket Club,M Bhanuka,KNM Fernando,A Premaratne,0,0,,,,,,"",""
ball,3,5.6,Colombo Cricket Club,M Bhanuka,KNM Fernando,A Premaratne,0,0,,,,,,"",""
ball,3,6.1,Colombo Cricket Club,KNM Fernando,M Bhanuka,HGK Dilshan,0,0,,,,,,"",""
ball,3,6.2,Colombo Cricket Club,KNM Fernando,M Bhanuka,HGK Dilshan,0,0,,,,,,"",""
ball,3,6.3,Colombo Cricket Club,KNM Fernando,M Bhanuka,HGK Dilshan,0,0,,,,,,"",""
ball,3,6.4,Colombo Cricket Club,KNM Fernando,M Bhanuka,HGK Dilshan,0,0,,,,,,"",""
ball,3,6.5,Colombo Cricket Club,KNM Fernando,M Bhanuka,HGK Dilshan,1,0,,,,,,"",""
ball,3,6.6,Colombo Cricket Club,M Bhanuka,KNM Fernando,HGK Dilshan,1,0,,,,,,"",""
ball,3,7.1,Colombo Cricket Club,M Bhanuka,KNM Fernando,A Premaratne,1,0,,,,,,"",""
ball,3,7.2,Colombo Cricket Club,KNM Fernando,M Bhanuka,A Premaratne,1,0,,,,,,"",""
ball,3,7.3,Colombo Cricket Club,M Bhanuka,KNM Fernando,A Premaratne,1,0,,,,,,"",""
ball,3,7.4,Colombo Cricket Club,KNM Fernando,M Bhanuka,A Premaratne,0,0,,,,,,"",""
ball,3,7.5,Colombo Cricket Club,KNM Fernando,M Bhanuka,A Premaratne,1,0,,,,,,"",""
ball,3,7.6,Colombo Cricket Club,M Bhanuka,KNM Fernando,A Premaratne,1,0,,,,,,"",""
ball,3,8.1,Colombo Cricket Club,M Bhanuka,KNM Fernando,HGK Dilshan,0,0,,,,,,"",""
ball,3,8.2,Colombo Cricket Club,M Bhanuka,KNM Fernando,HGK Dilshan,0,0,,,,,,"",""
ball,3,8.3,Colombo Cricket Club,M Bhanuka,KNM Fernando,HGK Dilshan,0,0,,,,,,"",""
ball,3,8.4,Colombo Cricket Club,M Bhanuka,KNM Fernando,HGK Dilshan,0,0,,,,,,"",""
ball,3,8.5,Colombo Cricket Club,M Bhanuka,KNM Fernando,HGK Dilshan,0,0,,,,,,"",""
ball,3,8.6,Colombo Cricket Club,M Bhanuka,KNM Fernando,HGK Dilshan,1,0,,,,,,"",""
ball,3,9.1,Colombo Cricket Club,M Bhanuka,KNM Fernando,A Premaratne,0,0,,,,,,"",""
ball,3,9.2,Colombo Cricket Club,M Bhanuka,KNM Fernando,A Premaratne,1,0,,,,,,"",""
ball,3,9.3,Colombo Cricket Club,KNM Fernando,M Bhanuka,A Premaratne,0,0,,,,,,"",""
ball,3,9.4,Colombo Cricket Club,KNM Fernando,M Bhanuka,A Premaratne,1,0,,,,,,"",""
ball,3,9.5,Colombo Cricket Club,M Bhanuka,KNM Fernando,A Premaratne,0,0,,,,,,"",""
ball,3,9.6,Colombo Cricket Club,M Bhanuka,KNM Fernando,A Premaratne,0,0,,,,,,"",""
ball,3,10.1,Colombo Cricket Club,KNM Fernando,M Bhanuka,HGK Dilshan,1,0,,,,,,"",""
ball,3,10.2,Colombo Cricket Club,M Bhanuka,KNM Fernando,HGK Dilshan,0,0,,,,,,"",""
ball,3,10.3,Colombo Cricket Club,M Bhanuka,KNM Fernando,HGK Dilshan,1,0,,,,,,"",""
ball,3,10.4,Colombo Cricket Club,KNM Fernando,M Bhanuka,HGK Dilshan,0,0,,,,,,"",""
ball,3,10.5,Colombo Cricket Club,KNM Fernando,M Bhanuka,HGK Dilshan,0,0,,,,,,"",""
ball,3,10.6,Colombo Cricket Club,KNM Fernando,M Bhanuka,HGK Dilshan,0,0,,,,,,"",""
ball,3,11.1,Colombo Cricket Club,M Bhanuka,KNM Fernando,A Premaratne,0,0,,,,,,"",""
ball,3,11.2,Colombo Cricket Club,M Bhanuka,KNM Fernando,A Premaratne,0,0,,,,,,"",""
ball,3,11.3,Colombo Cricket Club,M Bhanuka,KNM Fernando,A Premaratne,0,0,,,,,,"",""
ball,3,11.4,Colombo Cricket Club,M Bhanuka,KNM Fernando,A Premaratne,1,0,,,,,,"",""
ball,3,11.5,Colombo Cricket Club,KNM Fernando,M Bhanuka,A Premaratne,0,0,,,,,,"",""
ball,3,11.6,Colombo Cricket Club,KNM Fernando,M Bhanuka,A Premaratne,0,0,,,,,,"",""
ball,3,12.1,Colombo Cricket Club,M Bhanuka,KNM Fernando,HGK Dilshan,4,0,,,,,,"",""
ball,3,12.2,Colombo Cricket Club,M Bhanuka,KNM Fernando,HGK Dilshan,6,0,,,,,,"",""
ball,3,12.3,Colombo Cricket Club,M Bhanuka,KNM Fernando,HGK Dilshan,0,0,,,,,,"",""
ball,3,12.4,Colombo Cricket Club,M Bhanuka,KNM Fernando,HGK Dilshan,1,0,,,,,,"",""
ball,3,12.5,Colombo Cricket Club,KNM Fernando,M Bhanuka,HGK Dilshan,0,0,,,,,,"",""
ball,3,12.6,Colombo Cricket Club,KNM Fernando,M Bhanuka,HGK Dilshan,0,0,,,,,,"",""
ball,3,13.1,Colombo Cricket Club,M Bhanuka,KNM Fernando,MLR Karunaratne,1,0,,,,,,"",""
ball,3,13.2,Colombo Cricket Club,KNM Fernando,M Bhanuka,MLR Karunaratne,0,0,,,,,,"",""
ball,3,13.3,Colombo Cricket Club,KNM Fernando,M Bhanuka,MLR Karunaratne,1,0,,,,,,"",""
ball,3,13.4,Colombo Cricket Club,M Bhanuka,KNM Fernando,MLR Karunaratne,0,0,,,,,,"",""
ball,3,13.5,Colombo Cricket Club,M Bhanuka,KNM Fernando,MLR Karunaratne,0,0,,,,,,"",""
ball,3,13.6,Colombo Cricket Club,M Bhanuka,KNM Fernando,MLR Karunaratne,1,0,,,,,,"",""
ball,3,14.1,Colombo Cricket Club,M Bhanuka,KNM Fernando,HGK Dilshan,0,0,,,,,,"",""
ball,3,14.2,Colombo Cricket Club,M Bhanuka,KNM Fernando,HGK Dilshan,1,0,,,,,,"",""
ball,3,14.3,Colombo Cricket Club,KNM Fernando,M Bhanuka,HGK Dilshan,0,0,,,,,,"",""
ball,3,14.4,Colombo Cricket Club,KNM Fernando,M Bhanuka,HGK Dilshan,0,0,,,,,,"",""
ball,3,14.5,Colombo Cricket Club,KNM Fernando,M Bhanuka,HGK Dilshan,0,0,,,,,,"",""
ball,3,14.6,Colombo Cricket Club,KNM Fernando,M Bhanuka,HGK Dilshan,1,0,,,,,,"",""
ball,3,15.1,Colombo Cricket Club,KNM Fernando,M Bhanuka,MLR Karunaratne,1,0,,,,,,"",""
ball,3,15.2,Colombo Cricket Club,M Bhanuka,KNM Fernando,MLR Karunaratne,0,0,,,,,,"",""
ball,3,15.3,Colombo Cricket Club,M Bhanuka,KNM Fernando,MLR Karunaratne,1,0,,,,,,"",""
ball,3,15.4,Colombo Cricket Club,KNM Fernando,M Bhanuka,MLR Karunaratne,4,0,,,,,,"",""
ball,3,15.5,Colombo Cricket Club,KNM Fernando,M Bhanuka,MLR Karunaratne,0,0,,,,,,"",""
ball,3,15.6,Colombo Cricket Club,KNM Fernando,M Bhanuka,MLR Karunaratne,0,0,,,,,,"",""
ball,3,16.1,Colombo Cricket Club,M Bhanuka,KNM Fernando,D Malan,1,0,,,,,,"",""
ball,3,16.2,Colombo Cricket Club,KNM Fernando,M Bhanuka,D Malan,1,0,,,,,,"",""
ball,3,16.3,Colombo Cricket Club,M Bhanuka,KNM Fernando,D Malan,0,0,,,,,,"",""
ball,3,16.4,Colombo Cricket Club,M Bhanuka,KNM Fernando,D Malan,0,0,,,,,,"",""
ball,3,16.5,Colombo Cricket Club,M Bhanuka,KNM Fernando,D Malan,0,0,,,,,,"",""
ball,3,16.6,Colombo Cricket Club,M Bhanuka,KNM Fernando,D Malan,0,0,,,,,,"",""
ball,3,17.1,Colombo Cricket Club,KNM Fernando,M Bhanuka,HGK Dilshan,0,0,,,,,,"",""
ball,3,17.2,Colombo Cricket Club,KNM Fernando,M Bhanuka,HGK Dilshan,0,0,,,,,,"",""
ball,3,17.3,Colombo Cricket Club,KNM Fernando,M Bhanuka,HGK Dilshan,0,0,,,,,,"",""
ball,3,17.4,Colombo Cricket Club,KNM Fernando,M Bhanuka,HGK Dilshan,1,0,,,,,,"",""
ball,3,17.5,Colombo Cricket Club,M Bhanuka,KNM Fernando,HGK Dilshan,0,0,,,,,,"",""
ball,3,17.6,Colombo Cricket Club,M Bhanuka,KNM Fernando,HGK Dilshan,0,0,,,,,,"",""
ball,3,18.1,Colombo Cricket Club,KNM Fernando,M Bhanuka,D Malan,1,0,,,,,,"",""
ball,3,18.2,Colombo Cricket Club,M Bhanuka,KNM Fernando,D Malan,0,0,,,,,,"",""
ball,3,18.3,Colombo Cricket Club,M Bhanuka,KNM Fernando,D Malan,0,0,,,,,,"",""
ball,3,18.4,Colombo Cricket Club,M Bhanuka,KNM Fernando,D Malan,0,0,,,,,,"",""
ball,3,18.5,Colombo Cricket Club,M Bhanuka,KNM Fernando,D Malan,0,0,,,,,,"",""
ball,3,18.6,Colombo Cricket Club,M Bhanuka,KNM Fernando,D Malan,0,0,,,,,,"",""
ball,3,19.1,Colombo Cricket Club,KNM Fernando,M Bhanuka,HGK Dilshan,0,0,,,,,,"",""
ball,3,19.2,Colombo Cricket Club,KNM Fernando,M Bhanuka,HGK Dilshan,0,0,,,,,,"",""
ball,3,19.3,Colombo Cricket Club,KNM Fernando,M Bhanuka,HGK Dilshan,0,0,,,,,,"",""
ball,3,19.4,Colombo Cricket Club,KNM Fernando,M Bhanuka,HGK Dilshan,2,0,,,,,,"",""
ball,3,19.5,Colombo Cricket Club,KNM Fernando,M Bhanuka,HGK Dilshan,0,0,,,,,,"",""
ball,3,19.6,Colombo Cricket Club,KNM Fernando,M Bhanuka,HGK Dilshan,0,0,,,,,,"",""
ball,3,20.1,Colombo Cricket Club,M Bhanuka,KNM Fernando,D Malan,0,0,,,,,,"",""
ball,3,20.2,Colombo Cricket Club,M Bhanuka,KNM Fernando,D Malan,0,0,,,,,,"",""
ball,3,20.3,Colombo Cricket Club,M Bhanuka,KNM Fernando,D Malan,4,0,,,,,,"",""
ball,3,20.4,Colombo Cricket Club,M Bhanuka,KNM Fernando,D Malan,4,0,,,,,,"",""
ball,3,20.5,Colombo Cricket Club,M Bhanuka,KNM Fernando,D Malan,0,0,,,,,,"",""
ball,3,20.6,Colombo Cricket Club,M Bhanuka,KNM Fernando,D Malan,0,0,,,,,,"",""
ball,3,21.1,Colombo Cricket Club,KNM Fernando,M Bhanuka,HGK Dilshan,0,0,,,,,,"",""
ball,3,21.2,Colombo Cricket Club,KNM Fernando,M Bhanuka,HGK Dilshan,0,0,,,,,,"",""
ball,3,21.3,Colombo Cricket Club,KNM Fernando,M Bhanuka,HGK Dilshan,1,0,,,,,,"",""
ball,3,21.4,Colombo Cricket Club,M Bhanuka,KNM Fernando,HGK Dilshan,4,0,,,,,,"",""
ball,3,21.5,Colombo Cricket Club,M Bhanuka,KNM Fernando,HGK Dilshan,6,0,,,,,,"",""
ball,3,21.6,Colombo Cricket Club,M Bhanuka,KNM Fernando,HGK Dilshan,4,0,,,,,,"",""
ball,3,22.1,Colombo Cricket Club,KNM Fernando,M Bhanuka,D Malan,0,0,,,,,,"",""
ball,3,22.2,Colombo Cricket Club,KNM Fernando,M Bhanuka,D Malan,1,0,,,,,,"",""
ball,3,22.3,Colombo Cricket Club,M Bhanuka,KNM Fernando,D Malan,0,0,,,,,,"",""
ball,3,22.4,Colombo Cricket Club,M Bhanuka,KNM Fernando,D Malan,0,0,,,,,,"",""
ball,3,22.5,Colombo Cricket Club,M Bhanuka,KNM Fernando,D Malan,3,0,,,,,,"",""
ball,3,22.6,Colombo Cricket Club,KNM Fernando,M Bhanuka,D Malan,0,0,,,,,,"",""
ball,3,23.1,Colombo Cricket Club,M Bhanuka,KNM Fernando,WWAG Maneeshan,1,0,,,,,,"",""
ball,3,23.2,Colombo Cricket Club,KNM Fernando,M Bhanuka,WWAG Maneeshan,0,0,,,,,,"",""
ball,3,23.3,Colombo Cricket Club,KNM Fernando,M Bhanuka,WWAG Maneeshan,1,0,,,,,,"",""
ball,3,23.4,Colombo Cricket Club,M Bhanuka,KNM Fernando,WWAG Maneeshan,0,0,,,,,,"",""
ball,3,23.5,Colombo Cricket Club,M Bhanuka,KNM Fernando,WWAG Maneeshan,1,0,,,,,,"",""
ball,3,23.6,Colombo Cricket Club,KNM Fernando,M Bhanuka,WWAG Maneeshan,4,0,,,,,,"",""
ball,3,24.1,Colombo Cricket Club,M Bhanuka,KNM Fernando,D Malan,0,0,,,,,,"",""
ball,3,24.2,Colombo Cricket Club,M Bhanuka,KNM Fernando,D Malan,0,0,,,,,,"",""
ball,3,24.3,Colombo Cricket Club,M Bhanuka,KNM Fernando,D Malan,4,0,,,,,,"",""
ball,3,24.4,Colombo Cricket Club,M Bhanuka,KNM Fernando,D Malan,0,0,,,,,,"",""
ball,3,24.5,Colombo Cricket Club,M Bhanuka,KNM Fernando,D Malan,0,0,,,,,,"",""
ball,3,24.6,Colombo Cricket Club,M Bhanuka,KNM Fernando,D Malan,0,0,,,,,,"",""
ball,3,25.1,Colombo Cricket Club,KNM Fernando,M Bhanuka,WWAG Maneeshan,4,0,,,,,,"",""
ball,3,25.2,Colombo Cricket Club,KNM Fernando,M Bhanuka,WWAG Maneeshan,0,0,,,,,,"",""
ball,3,25.3,Colombo Cricket Club,KNM Fernando,M Bhanuka,WWAG Maneeshan,1,0,,,,,,"",""
ball,3,25.4,Colombo Cricket Club,M Bhanuka,KNM Fernando,WWAG Maneeshan,1,0,,,,,,"",""
ball,3,25.5,Colombo Cricket Club,KNM Fernando,M Bhanuka,WWAG Maneeshan,4,0,,,,,,"",""
ball,3,25.6,Colombo Cricket Club,KNM Fernando,M Bhanuka,WWAG Maneeshan,1,0,,,,,,"",""
ball,3,26.1,Colombo Cricket Club,KNM Fernando,M Bhanuka,HGK Dilshan,1,0,,,,,,"",""
ball,3,26.2,Colombo Cricket Club,M Bhanuka,KNM Fernando,HGK Dilshan,0,0,,,,,,"",""
ball,3,26.3,Colombo Cricket Club,M Bhanuka,KNM Fernando,HGK Dilshan,1,0,,,,,,"",""
ball,3,26.4,Colombo Cricket Club,KNM Fernando,M Bhanuka,HGK Dilshan,0,0,,,,,,"",""
ball,3,26.5,Colombo Cricket Club,KNM Fernando,M Bhanuka,HGK Dilshan,0,0,,,,,,"",""
ball,3,26.6,Colombo Cricket Club,KNM Fernando,M Bhanuka,HGK Dilshan,0,0,,,,,,"",""
ball,3,27.1,Colombo Cricket Club,M Bhanuka,KNM Fernando,A Premaratne,1,0,,,,,,"",""
ball,3,27.2,Colombo Cricket Club,KNM Fernando,M Bhanuka,A Premaratne,1,0,,,,,,"",""
ball,3,27.3,Colombo Cricket Club,M Bhanuka,KNM Fernando,A Premaratne,0,0,,,,,,"",""
ball,3,27.4,Colombo Cricket Club,M Bhanuka,KNM Fernando,A Premaratne,0,0,,,,,,"",""
ball,3,27.5,Colombo Cricket Club,M Bhanuka,KNM Fernando,A Premaratne,1,0,,,,,,"",""
ball,3,27.6,Colombo Cricket Club,KNM Fernando,M Bhanuka,A Premaratne,0,0,,,,,,"",""
ball,3,28.1,Colombo Cricket Club,M Bhanuka,KNM Fernando,HGK Dilshan,4,0,,,,,,"",""
ball,3,28.2,Colombo Cricket Club,M Bhanuka,KNM Fernando,HGK Dilshan,0,0,,,,,,"",""
ball,3,28.3,Colombo Cricket Club,M Bhanuka,KNM Fernando,HGK Dilshan,0,0,,,,,,"",""
ball,3,28.4,Colombo Cricket Club,M Bhanuka,KNM Fernando,HGK Dilshan,1,0,,,,,,"",""
ball,3,28.5,Colombo Cricket Club,KNM Fernando,M Bhanuka,HGK Dilshan,0,0,,,,,,"",""
ball,3,28.6,Colombo Cricket Club,KNM Fernando,M Bhanuka,HGK Dilshan,4,0,,,,,,"",""
ball,3,29.1,Colombo Cricket Club,M Bhanuka,KNM Fernando,A Premaratne,0,0,,,,,,"",""
ball,3,29.2,Colombo Cricket Club,M Bhanuka,KNM Fernando,A Premaratne,0,0,,,,,,"",""
ball,3,29.3,Colombo Cricket Club,M Bhanuka,KNM Fernando,A Premaratne,1,0,,,,,,"",""
ball,3,29.4,Colombo Cricket Club,KNM Fernando,M Bhanuka,A Premaratne,0,0,,,,,,"",""
ball,3,29.5,Colombo Cricket Club,KNM Fernando,M Bhanuka,A Premaratne,0,0,,,,,,"",""
ball,3,29.6,Colombo Cricket Club,KNM Fernando,M Bhanuka,A Premaratne,0,0,,,,,,"",""
ball,3,30.1,Colombo Cricket Club,M Bhanuka,KNM Fernando,HGK Dilshan,1,0,,,,,,"",""
ball,3,30.2,Colombo Cricket Club,KNM Fernando,M Bhanuka,HGK Dilshan,0,0,,,,,,"",""
ball,3,30.3,Colombo Cricket Club,KNM Fernando,M Bhanuka,HGK Dilshan,1,0,,,,,,"",""
ball,3,30.4,Colombo Cricket Club,M Bhanuka,KNM Fernando,HGK Dilshan,1,0,,,,,,"",""
ball,3,30.5,Colombo Cricket Club,KNM Fernando,M Bhanuka,HGK Dilshan,1,0,,,,,,"",""
ball,3,30.6,Colombo Cricket Club,M Bhanuka,KNM Fernando,HGK Dilshan,4,0,,,,,,"",""
ball,3,31.1,Colombo Cricket Club,KNM Fernando,M Bhanuka,A Premaratne,0,0,,,,,,"",""
ball,3,31.2,Colombo Cricket Club,KNM Fernando,M Bhanuka,A Premaratne,1,0,,,,,,"",""
ball,3,31.3,Colombo Cricket Club,M Bhanuka,KNM Fernando,A Premaratne,0,0,,,,,,"",""
ball,3,31.4,Colombo Cricket Club,M Bhanuka,KNM Fernando,A Premaratne,1,0,,,,,,"",""
ball,3,31.5,Colombo Cricket Club,KNM Fernando,M Bhanuka,A Premaratne,1,0,,,,,,"",""
ball,3,31.6,Colombo Cricket Club,M Bhanuka,KNM Fernando,A Premaratne,1,0,,,,,,"",""
ball,3,32.1,Colombo Cricket Club,M Bhanuka,KNM Fernando,S Sadamal,0,0,,,,,,"",""
ball,3,32.2,Colombo Cricket Club,M Bhanuka,KNM Fernando,S Sadamal,1,0,,,,,,"",""
ball,3,32.3,Colombo Cricket Club,KNM Fernando,M Bhanuka,S Sadamal,0,0,,,,,,"",""
ball,3,32.4,Colombo Cricket Club,KNM Fernando,M Bhanuka,S Sadamal,1,0,,,,,,"",""
ball,3,32.5,Colombo Cricket Club,M Bhanuka,KNM Fernando,S Sadamal,0,0,,,,,,"",""
ball,3,32.6,Colombo Cricket Club,M Bhanuka,KNM Fernando,S Sadamal,4,0,,,,,,"",""
ball,3,33.1,Colombo Cricket Club,KNM Fernando,M Bhanuka,A Premaratne,0,0,,,,,,"",""
ball,3,33.2,Colombo Cricket Club,KNM Fernando,M Bhanuka,A Premaratne,1,0,,,,,,"",""
ball,3,33.3,Colombo Cricket Club,M Bhanuka,KNM Fernando,A Premaratne,0,0,,,,,,"",""
ball,3,33.4,Colombo Cricket Club,M Bhanuka,KNM Fernando,A Premaratne,1,0,,,,,,"",""
ball,3,33.5,Colombo Cricket Club,KNM Fernando,M Bhanuka,A Premaratne,0,0,,,,,,"",""
ball,3,33.6,Colombo Cricket Club,KNM Fernando,M Bhanuka,A Premaratne,0,0,,,,,,"",""
ball,3,34.1,Colombo Cricket Club,M Bhanuka,KNM Fernando,S Sadamal,1,0,,,,,,"",""
ball,3,34.2,Colombo Cricket Club,KNM Fernando,M Bhanuka,S Sadamal,0,0,,,,,,"",""
ball,3,34.3,Colombo Cricket Club,KNM Fernando,M Bhanuka,S Sadamal,1,0,,,,,,"",""
ball,3,34.4,Colombo Cricket Club,M Bhanuka,KNM Fernando,S Sadamal,0,0,,,,,,"",""
ball,3,34.5,Colombo Cricket Club,M Bhanuka,KNM Fernando,S Sadamal,0,0,,,,,,"",""
ball,3,34.6,Colombo Cricket Club,M Bhanuka,KNM Fernando,S Sadamal,1,0,,,,,,"",""
ball,3,35.1,Colombo Cricket Club,M Bhanuka,KNM Fernando,A Premaratne,1,0,,,,,,"",""
ball,3,35.2,Colombo Cricket Club,KNM Fernando,M Bhanuka,A Premaratne,4,0,,,,,,"",""
ball,3,35.3,Colombo Cricket Club,KNM Fernando,M Bhanuka,A Premaratne,1,0,,,,,,"",""
ball,3,35.4,Colombo Cricket Club,M Bhanuka,KNM Fernando,A Premaratne,0,0,,,,,,"",""
ball,3,35.5,Colombo Cricket Club,M Bhanuka,KNM Fernando,A Premaratne,0,0,,,,,,"",""
ball,3,35.6,Colombo Cricket Club,M Bhanuka,KNM Fernando,A Premaratne,0,0,,,,,,"",""
ball,3,36.1,Colombo Cricket Club,KNM Fernando,M Bhanuka,S Sadamal,0,0,,,,,,"",""
ball,3,36.2,Colombo Cricket Club,KNM Fernando,M Bhanuka,S Sadamal,0,0,,,,,,"",""
ball,3,36.3,Colombo Cricket Club,KNM Fernando,M Bhanuka,S Sadamal,0,0,,,,,,"",""
ball,3,36.4,Colombo Cricket Club,KNM Fernando,M Bhanuka,S Sadamal,1,0,,,,,,"",""
ball,3,36.5,Colombo Cricket Club,M Bhanuka,KNM Fernando,S Sadamal,0,0,,,,,,"",""
ball,3,36.6,Colombo Cricket Club,M Bhanuka,KNM Fernando,S Sadamal,0,0,,,,,,"",""
ball,3,37.1,Colombo Cricket Club,KNM Fernando,M Bhanuka,A Premaratne,4,0,,,,,,"",""
ball,3,37.2,Colombo Cricket Club,KNM Fernando,M Bhanuka,A Premaratne,0,0,,,,,,"",""
ball,3,37.3,Colombo Cricket Club,KNM Fernando,M Bhanuka,A Premaratne,1,0,,,,,,"",""
ball,3,37.4,Colombo Cricket Club,M Bhanuka,KNM Fernando,A Premaratne,0,0,,,,,,"",""
ball,3,37.5,Colombo Cricket Club,M Bhanuka,KNM Fernando,A Premaratne,1,0,,,,,,"",""
ball,3,37.6,Colombo Cricket Club,KNM Fernando,M Bhanuka,A Premaratne,4,0,,,,,,"",""
ball,3,38.1,Colombo Cricket Club,M Bhanuka,KNM Fernando,HGK Dilshan,4,0,,,,,,"",""
ball,3,38.2,Colombo Cricket Club,M Bhanuka,KNM Fernando,HGK Dilshan,2,0,,,,,,"",""
ball,3,38.3,Colombo Cricket Club,M Bhanuka,KNM Fernando,HGK Dilshan,0,0,,,,,,"",""
ball,3,38.4,Colombo Cricket Club,M Bhanuka,KNM Fernando,HGK Dilshan,0,0,,,,,,"",""
ball,3,38.5,Colombo Cricket Club,M Bhanuka,KNM Fernando,HGK Dilshan,0,0,,,,,,"",""
ball,3,38.6,Colombo Cricket Club,M Bhanuka,KNM Fernando,HGK Dilshan,0,0,,,,,,"",""
ball,3,39.1,Colombo Cricket Club,KNM Fernando,M Bhanuka,S Sadamal,1,0,,,,,,"",""
ball,3,39.2,Colombo Cricket Club,M Bhanuka,KNM Fernando,S Sadamal,0,0,,,,,,"",""
ball,3,39.3,Colombo Cricket Club,M Bhanuka,KNM Fernando,S Sadamal,0,0,,,,,,caught and bowled,M Bhanuka
ball,3,39.4,Colombo Cricket Club,P Rathnayake,KNM Fernando,S Sadamal,0,0,,,,,,"",""
ball,3,39.5,Colombo Cricket Club,P Rathnayake,KNM Fernando,S Sadamal,4,0,,,,,,"",""
ball,3,39.6,Colombo Cricket Club,P Rathnayake,KNM Fernando,S Sadamal,0,0,,,,,,"",""
ball,3,40.1,Colombo Cricket Club,KNM Fernando,P Rathnayake,HGK Dilshan,1,0,,,,,,"",""
ball,3,40.2,Colombo Cricket Club,P Rathnayake,KNM Fernando,HGK Dilshan,0,0,,,,,,"",""
ball,3,40.3,Colombo Cricket Club,P Rathnayake,KNM Fernando,HGK Dilshan,0,0,,,,,,"",""
ball,3,40.4,Colombo Cricket Club,P Rathnayake,KNM Fernando,HGK Dilshan,1,0,,,,,,"",""
ball,3,40.5,Colombo Cricket Club,KNM Fernando,P Rathnayake,HGK Dilshan,1,0,,,,,,"",""
ball,3,40.6,Colombo Cricket Club,P Rathnayake,KNM Fernando,HGK Dilshan,0,0,,,,,,"",""
ball,3,41.1,Colombo Cricket Club,KNM Fernando,P Rathnayake,S Sadamal,0,0,,,,,,"",""
ball,3,41.2,Colombo Cricket Club,KNM Fernando,P Rathnayake,S Sadamal,0,0,,,,,,"",""
ball,3,41.3,Colombo Cricket Club,KNM Fernando,P Rathnayake,S Sadamal,1,0,,,,,,"",""
ball,3,41.4,Colombo Cricket Club,P Rathnayake,KNM Fernando,S Sadamal,0,0,,,,,,"",""
ball,3,41.5,Colombo Cricket Club,P Rathnayake,KNM Fernando,S Sadamal,1,0,,,,,,"",""
ball,3,41.6,Colombo Cricket Club,KNM Fernando,P Rathnayake,S Sadamal,0,0,,,,,,"",""
ball,3,42.1,Colombo Cricket Club,P Rathnayake,KNM Fernando,HGK Dilshan,4,0,,,,,,"",""
ball,3,42.2,Colombo Cricket Club,P Rathnayake,KNM Fernando,HGK Dilshan,6,0,,,,,,"",""
ball,3,42.3,Colombo Cricket Club,P Rathnayake,KNM Fernando,HGK Dilshan,0,0,,,,,,"",""
ball,3,42.4,Colombo Cricket Club,P Rathnayake,KNM Fernando,HGK Dilshan,0,0,,,,,,"",""
ball,3,42.5,Colombo Cricket Club,P Rathnayake,KNM Fernando,HGK Dilshan,1,0,,,,,,"",""
ball,3,42.6,Colombo Cricket Club,KNM Fernando,P Rathnayake,HGK Dilshan,0,0,,,,,,"",""
ball,3,43.1,Colombo Cricket Club,P Rathnayake,KNM Fernando,S Sadamal,3,0,,,,,,"",""
ball,3,43.2,Colombo Cricket Club,KNM Fernando,P Rathnayake,S Sadamal,1,0,,,,,,"",""
ball,3,43.3,Colombo Cricket Club,P Rathnayake,KNM Fernando,S Sadamal,4,0,,,,,,"",""
ball,3,43.4,Colombo Cricket Club,P Rathnayake,KNM Fernando,S Sadamal,0,0,,,,,,"",""
ball,3,43.5,Colombo Cricket Club,P Rathnayake,KNM Fernando,S Sadamal,0,0,,,,,,"",""
ball,3,43.6,Colombo Cricket Club,P Rathnayake,KNM Fernando,S Sadamal,0,0,,,,,,"",""
ball,3,44.1,Colombo Cricket Club,KNM Fernando,P Rathnayake,HGK Dilshan,0,0,,,,,,"",""
ball,3,44.2,Colombo Cricket Club,KNM Fernando,P Rathnayake,HGK Dilshan,0,0,,,,,,"",""
ball,3,44.3,Colombo Cricket Club,KNM Fernando,P Rathnayake,HGK Dilshan,0,0,,,,,,"",""
ball,3,44.4,Colombo Cricket Club,KNM Fernando,P Rathnayake,HGK Dilshan,0,0,,,,,,"",""
ball,3,44.5,Colombo Cricket Club,KNM Fernando,P Rathnayake,HGK Dilshan,0,0,,,,,,"",""
ball,3,44.6,Colombo Cricket Club,KNM Fernando,P Rathnayake,HGK Dilshan,0,0,,,,,,"",""
ball,3,45.1,Colombo Cricket Club,P Rathnayake,KNM Fernando,S Sadamal,0,0,,,,,,"",""
ball,3,45.2,Colombo Cricket Club,P Rathnayake,KNM Fernando,S Sadamal,1,0,,,,,,"",""
ball,3,45.3,Colombo Cricket Club,KNM Fernando,P Rathnayake,S Sadamal,0,0,,,,,,"",""
ball,3,45.4,Colombo Cricket Club,KNM Fernando,P Rathnayake,S Sadamal,0,0,,,,,,"",""
ball,3,45.5,Colombo Cricket Club,KNM Fernando,P Rathnayake,S Sadamal,4,0,,,,,,"",""
ball,3,45.6,Colombo Cricket Club,KNM Fernando,P Rathnayake,S Sadamal,1,0,,,,,,"",""
ball,3,46.1,Colombo Cricket Club,KNM Fernando,P Rathnayake,PLM Jayaratne,0,0,,,,,,"",""
ball,3,46.2,Colombo Cricket Club,KNM Fernando,P Rathnayake,PLM Jayaratne,1,0,,,,,,"",""
ball,3,46.3,Colombo Cricket Club,P Rathnayake,KNM Fernando,PLM Jayaratne,1,0,,,,,,"",""
ball,3,46.4,Colombo Cricket Club,KNM Fernando,P Rathnayake,PLM Jayaratne,0,0,,,,,,"",""
ball,3,46.5,Colombo Cricket Club,KNM Fernando,P Rathnayake,PLM Jayaratne,0,0,,,,,,"",""
ball,3,46.6,Colombo Cricket Club,KNM Fernando,P Rathnayake,PLM Jayaratne,1,0,,,,,,"",""
ball,3,47.1,Colombo Cricket Club,KNM Fernando,P Rathnayake,S Sadamal,2,0,,,,,,"",""
ball,3,47.2,Colombo Cricket Club,KNM Fernando,P Rathnayake,S Sadamal,0,0,,,,,,"",""
ball,3,47.3,Colombo Cricket Club,KNM Fernando,P Rathnayake,S Sadamal,1,0,,,,,,"",""
ball,3,47.4,Colombo Cricket Club,P Rathnayake,KNM Fernando,S Sadamal,0,0,,,,,,"",""
ball,3,47.5,Colombo Cricket Club,P Rathnayake,KNM Fernando,S Sadamal,0,0,,,,,,"",""
ball,3,47.6,Colombo Cricket Club,P Rathnayake,KNM Fernando,S Sadamal,1,0,,,,,,"",""
ball,3,48.1,Colombo Cricket Club,P Rathnayake,KNM Fernando,PLM Jayaratne,0,0,,,,,,"",""
ball,3,48.2,Colombo Cricket Club,P Rathnayake,KNM Fernando,PLM Jayaratne,0,0,,,,,,"",""
ball,3,48.3,Colombo Cricket Club,P Rathnayake,KNM Fernando,PLM Jayaratne,1,0,,,,,,"",""
ball,3,48.4,Colombo Cricket Club,KNM Fernando,P Rathnayake,PLM Jayaratne,0,0,,,,,,"",""
ball,3,48.5,Colombo Cricket Club,KNM Fernando,P Rathnayake,PLM Jayaratne,0,0,,,,,,"",""
ball,3,48.6,Colombo Cricket Club,KNM Fernando,P Rathnayake,PLM Jayaratne,0,0,,,,,,"",""
ball,3,49.1,Colombo Cricket Club,P Rathnayake,KNM Fernando,S Sadamal,1,0,,,,,,"",""
ball,3,49.2,Colombo Cricket Club,KNM Fernando,P Rathnayake,S Sadamal,1,0,,,,,,"",""
ball,3,49.3,Colombo Cricket Club,P Rathnayake,KNM Fernando,S Sadamal,0,0,,,,,,"",""
ball,3,49.4,Colombo Cricket Club,P Rathnayake,KNM Fernando,S Sadamal,0,0,,,,,,"",""
ball,3,49.5,Colombo Cricket Club,P Rathnayake,KNM Fernando,S Sadamal,1,0,,,,,,"",""
ball,3,49.6,Colombo Cricket Club,KNM Fernando,P Rathnayake,S Sadamal,0,0,,,,,,"",""
ball,3,50.1,Colombo Cricket Club,P Rathnayake,KNM Fernando,PLM Jayaratne,4,0,,,,,,"",""
ball,3,50.2,Colombo Cricket Club,P Rathnayake,KNM Fernando,PLM Jayaratne,0,0,,,,,,"",""
ball,3,50.3,Colombo Cricket Club,P Rathnayake,KNM Fernando,PLM Jayaratne,0,0,,,,,,"",""
ball,3,50.4,Colombo Cricket Club,P Rathnayake,KNM Fernando,PLM Jayaratne,0,0,,,,,,"",""
ball,3,50.5,Colombo Cricket Club,P Rathnayake,KNM Fernando,PLM Jayaratne,0,0,,,,,,"",""
ball,3,50.6,Colombo Cricket Club,P Rathnayake,KNM Fernando,PLM Jayaratne,1,0,,,,,,"",""
ball,3,51.1,Colombo Cricket Club,P Rathnayake,KNM Fernando,S Sadamal,0,0,,,,,,"",""
ball,3,51.2,Colombo Cricket Club,P Rathnayake,KNM Fernando,S Sadamal,0,0,,,,,,"",""
ball,3,51.3,Colombo Cricket Club,P Rathnayake,KNM Fernando,S Sadamal,0,0,,,,,,"",""
ball,3,51.4,Colombo Cricket Club,P Rathnayake,KNM Fernando,S Sadamal,0,0,,,,,,caught,P Rathnayake
ball,3,51.5,Colombo Cricket Club,A Bandara,KNM Fernando,S Sadamal,0,0,,,,,,"",""
ball,3,51.6,Colombo Cricket Club,A Bandara,KNM Fernando,S Sadamal,0,0,,,,,,"",""
ball,3,52.1,Colombo Cricket Club,KNM Fernando,A Bandara,PLM Jayaratne,0,0,,,,,,"",""
ball,3,52.2,Colombo Cricket Club,KNM Fernando,A Bandara,PLM Jayaratne,0,0,,,,,,"",""
ball,3,52.3,Colombo Cricket Club,KNM Fernando,A Bandara,PLM Jayaratne,1,0,,,,,,"",""
ball,3,52.4,Colombo Cricket Club,A Bandara,KNM Fernando,PLM Jayaratne,0,0,,,,,,"",""
ball,3,52.5,Colombo Cricket Club,A Bandara,KNM Fernando,PLM Jayaratne,2,0,,,,,,"",""
ball,3,52.6,Colombo Cricket Club,A Bandara,KNM Fernando,PLM Jayaratne,0,0,,,,,,"",""
ball,3,53.1,Colombo Cricket Club,KNM Fernando,A Bandara,S Sadamal,0,0,,,,,,"",""
ball,3,53.2,Colombo Cricket Club,KNM Fernando,A Bandara,S Sadamal,1,0,,,,,,"",""
ball,3,53.3,Colombo Cricket Club,A Bandara,KNM Fernando,S Sadamal,1,0,,,,,,"",""
ball,3,53.4,Colombo Cricket Club,KNM Fernando,A Bandara,S Sadamal,0,0,,,,,,"",""
ball,3,53.5,Colombo Cricket Club,KNM Fernando,A Bandara,S Sadamal,2,0,,,,,,"",""
ball,3,53.6,Colombo Cricket Club,KNM Fernando,A Bandara,S Sadamal,1,0,,,,,,"",""
ball,3,54.1,Colombo Cricket Club,KNM Fernando,A Bandara,PLM Jayaratne,4,0,,,,,,"",""
ball,3,54.2,Colombo Cricket Club,KNM Fernando,A Bandara,PLM Jayaratne,0,0,,,,,,"",""
ball,3,54.3,Colombo Cricket Club,KNM Fernando,A Bandara,PLM Jayaratne,4,0,,,,,,"",""
ball,3,54.4,Colombo Cricket Club,KNM Fernando,A Bandara,PLM Jayaratne,1,0,,,,,,"",""
ball,3,54.5,Colombo Cricket Club,A Bandara,KNM Fernando,PLM Jayaratne,4,0,,,,,,"",""
ball,3,54.6,Colombo Cricket Club,A Bandara,KNM Fernando,PLM Jayaratne,0,0,,,,,,"",""
ball,3,55.1,Colombo Cricket Club,KNM Fernando,A Bandara,S Sadamal,0,0,,,,,,"",""
ball,3,55.2,Colombo Cricket Club,KNM Fernando,A Bandara,S Sadamal,0,0,,,,,,"",""
ball,3,55.3,Colombo Cricket Club,KNM Fernando,A Bandara,S Sadamal,0,0,,,,,,"",""
ball,3,55.4,Colombo Cricket Club,KNM Fernando,A Bandara,S Sadamal,0,0,,,,,,"",""
ball,3,55.5,Colombo Cricket Club,KNM Fernando,A Bandara,S Sadamal,4,0,,,,,,"",""
ball,3,55.6,Colombo Cricket Club,KNM Fernando,A Bandara,S Sadamal,0,0,,,,,,"",""
ball,3,56.1,Colombo Cricket Club,A Bandara,KNM Fernando,HGK Dilshan,2,0,,,,,,"",""
ball,3,56.2,Colombo Cricket Club,A Bandara,KNM Fernando,HGK Dilshan,4,0,,,,,,"",""
ball,3,56.3,Colombo Cricket Club,A Bandara,KNM Fernando,HGK Dilshan,1,0,,,,,,"",""
ball,3,56.4,Colombo Cricket Club,KNM Fernando,A Bandara,HGK Dilshan,1,0,,,,,,"",""
ball,3,56.5,Colombo Cricket Club,A Bandara,KNM Fernando,HGK Dilshan,1,0,,,,,,"",""
ball,3,56.6,Colombo Cricket Club,KNM Fernando,A Bandara,HGK Dilshan,0,0,,,,,,"",""
ball,3,57.1,Colombo Cricket Club,A Bandara,KNM Fernando,S Sadamal,0,0,,,,,,"",""
ball,3,57.2,Colombo Cricket Club,A Bandara,KNM Fernando,S Sadamal,0,0,,,,,,"",""
ball,3,57.3,Colombo Cricket Club,A Bandara,KNM Fernando,S Sadamal,0,0,,,,,,"",""
ball,3,57.4,Colombo Cricket Club,A Bandara,KNM Fernando,S Sadamal,0,0,,,,,,"",""
ball,3,57.5,Colombo Cricket Club,A Bandara,KNM Fernando,S Sadamal,1,0,,,,,,"",""
ball,3,57.6,Colombo Cricket Club,KNM Fernando,A Bandara,S Sadamal,4,0,,,,,,"",""
ball,3,58.1,Colombo Cricket Club,A Bandara,KNM Fernando,HGK Dilshan,1,0,,,,,,"",""
ball,3,58.2,Colombo Cricket Club,KNM Fernando,A Bandara,HGK Dilshan,1,0,,,,,,"",""
ball,3,58.3,Colombo Cricket Club,A Bandara,KNM Fernando,HGK Dilshan,1,0,,,,,,"",""
ball,3,58.4,Colombo Cricket Club,KNM Fernando,A Bandara,HGK Dilshan,0,0,,,,,,"",""
ball,3,58.5,Colombo Cricket Club,KNM Fernando,A Bandara,HGK Dilshan,1,0,,,,,,"",""
ball,3,58.6,Colombo Cricket Club,A Bandara,KNM Fernando,HGK Dilshan,1,0,,,,,,"",""
ball,3,59.1,Colombo Cricket Club,A Bandara,KNM Fernando,S Sadamal,0,0,,,,,,"",""
ball,3,59.2,Colombo Cricket Club,A Bandara,KNM Fernando,S Sadamal,0,0,,,,,,"",""
ball,3,59.3,Colombo Cricket Club,A Bandara,KNM Fernando,S Sadamal,0,0,,,,,,"",""
ball,3,59.4,Colombo Cricket Club,A Bandara,KNM Fernando,S Sadamal,1,0,,,,,,"",""
ball,3,59.5,Colombo Cricket Club,KNM Fernando,A Bandara,S Sadamal,4,0,,,,,,"",""
ball,3,59.6,Colombo Cricket Club,KNM Fernando,A Bandara,S Sadamal,0,0,,,,,,"",""
ball,3,60.1,Colombo Cricket Club,A Bandara,KNM Fernando,HGK Dilshan,1,0,,,,,,"",""
ball,3,60.2,Colombo Cricket Club,KNM Fernando,A Bandara,HGK Dilshan,0,0,,,,,,"",""
ball,3,60.3,Colombo Cricket Club,KNM Fernando,A Bandara,HGK Dilshan,0,0,,,,,,lbw,KNM Fernando
ball,3,60.4,Colombo Cricket Club,PADLR Sandakan,A Bandara,HGK Dilshan,0,0,,,,,,"",""
ball,3,60.5,Colombo Cricket Club,PADLR Sandakan,A Bandara,HGK Dilshan,0,0,,,,,,"",""
ball,3,60.6,Colombo Cricket Club,PADLR Sandakan,A Bandara,HGK Dilshan,0,0,,,,,,"",""
ball,3,61.1,Colombo Cricket Club,A Bandara,PADLR Sandakan,LEK Edirisinghe,0,0,,,,,,"",""
ball,3,61.2,Colombo Cricket Club,A Bandara,PADLR Sandakan,LEK Edirisinghe,0,0,,,,,,caught,A Bandara
ball,3,61.3,Colombo Cricket Club,C Wijesinghe,PADLR Sandakan,LEK Edirisinghe,0,0,,,,,,"",""
ball,3,61.4,Colombo Cricket Club,C Wijesinghe,PADLR Sandakan,LEK Edirisinghe,1,0,,,,,,"",""
ball,3,61.5,Colombo Cricket Club,PADLR Sandakan,C Wijesinghe,LEK Edirisinghe,1,0,,,,,,"",""
ball,3,61.6,Colombo Cricket Club,C Wijesinghe,PADLR Sandakan,LEK Edirisinghe,0,0,,,,,,"",""
ball,3,62.1,Colombo Cricket Club,PADLR Sandakan,C Wijesinghe,HGK Dilshan,0,0,,,,,,"",""
ball,3,62.2,Colombo Cricket Club,PADLR Sandakan,C Wijesinghe,HGK Dilshan,0,0,,,,,,"",""
ball,3,62.3,Colombo Cricket Club,PADLR Sandakan,C Wijesinghe,HGK Dilshan,0,0,,,,,,"",""
ball,3,62.4,Colombo Cricket Club,PADLR Sandakan,C Wijesinghe,HGK Dilshan,0,0,,,,,,"",""
ball,3,62.5,Colombo Cricket Club,PADLR Sandakan,C Wijesinghe,HGK Dilshan,0,0,,,,,,"",""
ball,3,62.6,Colombo Cricket Club,PADLR Sandakan,C Wijesinghe,HGK Dilshan,0,0,,,,,,"",""
ball,3,63.1,Colombo Cricket Club,C Wijesinghe,PADLR Sandakan,D Malan,0,0,,,,,,"",""
ball,3,63.2,Colombo Cricket Club,C Wijesinghe,PADLR Sandakan,D Malan,0,0,,,,,,"",""
ball,3,63.3,Colombo Cricket Club,C Wijesinghe,PADLR Sandakan,D Malan,0,0,,,,,,"",""
ball,3,63.4,Colombo Cricket Club,C Wijesinghe,PADLR Sandakan,D Malan,0,0,,,,,,"",""
ball,3,63.5,Colombo Cricket Club,C Wijesinghe,PADLR Sandakan,D Malan,0,0,,,,,,"",""
ball,3,63.6,Colombo Cricket Club,C Wijesinghe,PADLR Sandakan,D Malan,0,0,,,,,,"",""
ball,3,64.1,Colombo Cricket Club,PADLR Sandakan,C Wijesinghe,HGK Dilshan,1,0,,,,,,"",""
ball,3,64.2,Colombo Cricket Club,C Wijesinghe,PADLR Sandakan,HGK Dilshan,0,0,,,,,,"",""
ball,3,64.3,Colombo Cricket Club,C Wijesinghe,PADLR Sandakan,HGK Dilshan,0,0,,,,,,"",""
ball,3,64.4,Colombo Cricket Club,C Wijesinghe,PADLR Sandakan,HGK Dilshan,0,0,,,,,,bowled,C Wijesinghe
ball,3,64.5,Colombo Cricket Club,PWH de Silva,PADLR Sandakan,HGK Dilshan,0,0,,,,,,"",""
ball,3,64.6,Colombo Cricket Club,PWH de Silva,PADLR Sandakan,HGK Dilshan,0,0,,,,,,"",""
ball,3,65.1,Colombo Cricket Club,PADLR Sandakan,PWH de Silva,D Malan,4,0,,,,,,"",""
ball,3,65.2,Colombo Cricket Club,PADLR Sandakan,PWH de Silva,D Malan,1,0,,,,,,"",""
ball,3,65.3,Colombo Cricket Club,PWH de Silva,PADLR Sandakan,D Malan,0,0,,,,,,"",""
ball,3,65.4,Colombo Cricket Club,PWH de Silva,PADLR Sandakan,D Malan,0,0,,,,,,run out,PADLR Sandakan
ball,3,65.5,Colombo Cricket Club,I Karannagoda,PWH de Silva,D Malan,0,0,,,,,,"",""
ball,3,65.6,Colombo Cricket Club,I Karannagoda,PWH de Silva,D Malan,0,0,,,,,,"",""
ball,3,66.1,Colombo Cricket Club,PWH de Silva,I Karannagoda,HGK Dilshan,1,0,,,,,,"",""
ball,3,66.2,Colombo Cricket Club,I Karannagoda,PWH de Silva,HGK Dilshan,1,0,,,,,,"",""
ball,3,66.3,Colombo Cricket Club,PWH de Silva,I Karannagoda,HGK Dilshan,0,0,,,,,,"",""
ball,3,66.4,Colombo Cricket Club,PWH de Silva,I Karannagoda,HGK Dilshan,4,0,,,,,,"",""
ball,3,66.5,Colombo Cricket Club,PWH de Silva,I Karannagoda,HGK Dilshan,0,0,,,,,,"",""
ball,3,66.6,Colombo Cricket Club,PWH de Silva,I Karannagoda,HGK Dilshan,1,0,,,,,,"",""
ball,3,67.1,Colombo Cricket Club,PWH de Silva,I Karannagoda,D Malan,0,0,,,,,,"",""
ball,3,67.2,Colombo Cricket Club,PWH de Silva,I Karannagoda,D Malan,1,0,,,,,,"",""
ball,3,67.3,Colombo Cricket Club,I Karannagoda,PWH de Silva,D Malan,0,0,,,,,,"",""
ball,3,67.4,Colombo Cricket Club,I Karannagoda,PWH de Silva,D Malan,0,0,,,,,,caught,I Karannagoda
ball,3,67.5,Colombo Cricket Club,MVT Fernando,PWH de Silva,D Malan,1,0,,,,,,"",""
ball,3,67.6,Colombo Cricket Club,PWH de Silva,MVT Fernando,D Malan,0,0,,,,,,"",""
ball,3,68.1,Colombo Cricket Club,MVT Fernando,PWH de Silva,HGK Dilshan,0,0,,,,,,"",""
ball,3,68.2,Colombo Cricket Club,MVT Fernando,PWH de Silva,HGK Dilshan,0,0,,,,,,"",""
ball,3,68.3,Colombo Cricket Club,MVT Fernando,PWH de Silva,HGK Dilshan,0,0,,,,,,"",""
ball,3,68.4,Colombo Cricket Club,MVT Fernando,PWH de Silva,HGK Dilshan,1,0,,,,,,"",""
ball,3,68.5,Colombo Cricket Club,PWH de Silva,MVT Fernando,HGK Dilshan,0,0,,,,,,"",""
ball,3,68.6,Colombo Cricket Club,PWH de Silva,MVT Fernando,HGK Dilshan,0,0,,,,,,bowled,PWH de Silva
ball,4,0.1,Kurunegala Youth Cricket Club,WWAG Maneeshan,TD Polgampola,MVT Fernando,0,1,,,,1,,"",""
ball,4,0.2,Kurunegala Youth Cricket Club,TD Polgampola,WWAG Maneeshan,MVT Fernando,0,0,,,,,,"",""
ball,4,0.3,Kurunegala Youth Cricket Club,TD Polgampola,WWAG Maneeshan,MVT Fernando,0,0,,,,,,"",""
ball,4,0.4,Kurunegala Youth Cricket Club,TD Polgampola,WWAG Maneeshan,MVT Fernando,0,0,,,,,,"",""
ball,4,0.5,Kurunegala Youth Cricket Club,TD Polgampola,WWAG Maneeshan,MVT Fernando,0,0,,,,,,"",""
ball,4,0.6,Kurunegala Youth Cricket Club,TD Polgampola,WWAG Maneeshan,MVT Fernando,0,0,,,,,,"",""
ball,4,1.1,Kurunegala Youth Cricket Club,WWAG Maneeshan,TD Polgampola,L Croospulle,1,0,,,,,,"",""
ball,4,1.2,Kurunegala Youth Cricket Club,TD Polgampola,WWAG Maneeshan,L Croospulle,0,1,,,,1,,"",""
ball,4,1.3,Kurunegala Youth Cricket Club,WWAG Maneeshan,TD Polgampola,L Croospulle,4,0,,,,,,"",""
ball,4,1.4,Kurunegala Youth Cricket Club,WWAG Maneeshan,TD Polgampola,L Croospulle,0,0,,,,,,"",""
ball,4,1.5,Kurunegala Youth Cricket Club,WWAG Maneeshan,TD Polgampola,L Croospulle,0,0,,,,,,"",""
ball,4,1.6,Kurunegala Youth Cricket Club,WWAG Maneeshan,TD Polgampola,L Croospulle,0,0,,,,,,"",""
ball,4,2.1,Kurunegala Youth Cricket Club,TD Polgampola,WWAG Maneeshan,MVT Fernando,1,0,,,,,,"",""
ball,4,2.2,Kurunegala Youth Cricket Club,WWAG Maneeshan,TD Polgampola,MVT Fernando,4,0,,,,,,"",""
ball,4,2.3,Kurunegala Youth Cricket Club,WWAG Maneeshan,TD Polgampola,MVT Fernando,0,0,,,,,,"",""
ball,4,2.4,Kurunegala Youth Cricket Club,WWAG Maneeshan,TD Polgampola,MVT Fernando,0,0,,,,,,"",""
ball,4,2.5,Kurunegala Youth Cricket Club,WWAG Maneeshan,TD Polgampola,MVT Fernando,1,0,,,,,,"",""
ball,4,2.6,Kurunegala Youth Cricket Club,TD Polgampola,WWAG Maneeshan,MVT Fernando,0,0,,,,,,"",""
ball,4,3.1,Kurunegala Youth Cricket Club,WWAG Maneeshan,TD Polgampola,L Croospulle,0,0,,,,,,"",""
ball,4,3.2,Kurunegala Youth Cricket Club,WWAG Maneeshan,TD Polgampola,L Croospulle,0,0,,,,,,"",""
ball,4,3.3,Kurunegala Youth Cricket Club,WWAG Maneeshan,TD Polgampola,L Croospulle,0,0,,,,,,"",""
ball,4,3.4,Kurunegala Youth Cricket Club,WWAG Maneeshan,TD Polgampola,L Croospulle,0,0,,,,,,"",""
ball,4,3.5,Kurunegala Youth Cricket Club,WWAG Maneeshan,TD Polgampola,L Croospulle,0,0,,,,,,"",""
ball,4,3.6,Kurunegala Youth Cricket Club,WWAG Maneeshan,TD Polgampola,L Croospulle,0,0,,,,,,"",""
ball,4,4.1,Kurunegala Youth Cricket Club,TD Polgampola,WWAG Maneeshan,MVT Fernando,0,0,,,,,,"",""
ball,4,4.2,Kurunegala Youth Cricket Club,TD Polgampola,WWAG Maneeshan,MVT Fernando,0,0,,,,,,"",""
ball,4,4.3,Kurunegala Youth Cricket Club,TD Polgampola,WWAG Maneeshan,MVT Fernando,0,0,,,,,,"",""
ball,4,4.4,Kurunegala Youth Cricket Club,TD Polgampola,WWAG Maneeshan,MVT Fernando,0,0,,,,,,"",""
ball,4,4.5,Kurunegala Youth Cricket Club,TD Polgampola,WWAG Maneeshan,MVT Fernando,1,0,,,,,,"",""
ball,4,4.6,Kurunegala Youth Cricket Club,WWAG Maneeshan,TD Polgampola,MVT Fernando,4,0,,,,,,"",""
ball,4,5.1,Kurunegala Youth Cricket Club,TD Polgampola,WWAG Maneeshan,L Croospulle,0,0,,,,,,"",""
ball,4,5.2,Kurunegala Youth Cricket Club,TD Polgampola,WWAG Maneeshan,L Croospulle,0,0,,,,,,"",""
ball,4,5.3,Kurunegala Youth Cricket Club,TD Polgampola,WWAG Maneeshan,L Croospulle,0,0,,,,,,"",""
ball,4,5.4,Kurunegala Youth Cricket Club,TD Polgampola,WWAG Maneeshan,L Croospulle,0,0,,,,,,"",""
ball,4,5.5,Kurunegala Youth Cricket Club,TD Polgampola,WWAG Maneeshan,L Croospulle,0,0,,,,,,"",""
ball,4,5.6,Kurunegala Youth Cricket Club,TD Polgampola,WWAG Maneeshan,L Croospulle,0,0,,,,,,"",""
ball,4,6.1,Kurunegala Youth Cricket Club,WWAG Maneeshan,TD Polgampola,PWH de Silva,1,0,,,,,,"",""
ball,4,6.2,Kurunegala Youth Cricket Club,TD Polgampola,WWAG Maneeshan,PWH de Silva,0,0,,,,,,"",""
ball,4,6.3,Kurunegala Youth Cricket Club,TD Polgampola,WWAG Maneeshan,PWH de Silva,0,0,,,,,,"",""
ball,4,6.4,Kurunegala Youth Cricket Club,TD Polgampola,WWAG Maneeshan,PWH de Silva,1,0,,,,,,"",""
ball,4,6.5,Kurunegala Youth Cricket Club,WWAG Maneeshan,TD Polgampola,PWH de Silva,0,0,,,,,,"",""
ball,4,6.6,Kurunegala Youth Cricket Club,WWAG Maneeshan,TD Polgampola,PWH de Silva,0,0,,,,,,"",""
ball,4,7.1,Kurunegala Youth Cricket Club,TD Polgampola,WWAG Maneeshan,L Croospulle,0,0,,,,,,"",""
ball,4,7.2,Kurunegala Youth Cricket Club,TD Polgampola,WWAG Maneeshan,L Croospulle,0,0,,,,,,"",""
ball,4,7.3,Kurunegala Youth Cricket Club,TD Polgampola,WWAG Maneeshan,L Croospulle,0,0,,,,,,"",""
ball,4,7.4,Kurunegala Youth Cricket Club,TD Polgampola,WWAG Maneeshan,L Croospulle,0,0,,,,,,"",""
ball,4,7.5,Kurunegala Youth Cricket Club,TD Polgampola,WWAG Maneeshan,L Croospulle,1,0,,,,,,"",""
ball,4,7.6,Kurunegala Youth Cricket Club,WWAG Maneeshan,TD Polgampola,L Croospulle,0,0,,,,,,"",""
ball,4,8.1,Kurunegala Youth Cricket Club,TD Polgampola,WWAG Maneeshan,PWH de Silva,1,0,,,,,,"",""
ball,4,8.2,Kurunegala Youth Cricket Club,WWAG Maneeshan,TD Polgampola,PWH de Silva,0,0,,,,,,"",""
ball,4,8.3,Kurunegala Youth Cricket Club,WWAG Maneeshan,TD Polgampola,PWH de Silva,1,0,,,,,,"",""
ball,4,8.4,Kurunegala Youth Cricket Club,TD Polgampola,WWAG Maneeshan,PWH de Silva,1,0,,,,,,"",""
ball,4,8.5,Kurunegala Youth Cricket Club,WWAG Maneeshan,TD Polgampola,PWH de Silva,1,0,,,,,,"",""
ball,4,8.6,Kurunegala Youth Cricket Club,TD Polgampola,WWAG Maneeshan,PWH de Silva,0,0,,,,,,"",""
ball,4,9.1,Kurunegala Youth Cricket Club,WWAG Maneeshan,TD Polgampola,L Croospulle,2,0,,,,,,"",""
ball,4,9.2,Kurunegala Youth Cricket Club,WWAG Maneeshan,TD Polgampola,L Croospulle,1,0,,,,,,"",""
ball,4,9.3,Kurunegala Youth Cricket Club,TD Polgampola,WWAG Maneeshan,L Croospulle,0,0,,,,,,"",""
ball,4,9.4,Kurunegala Youth Cricket Club,TD Polgampola,WWAG Maneeshan,L Croospulle,0,0,,,,,,"",""
ball,4,9.5,Kurunegala Youth Cricket Club,TD Polgampola,WWAG Maneeshan,L Croospulle,0,0,,,,,,"",""
ball,4,9.6,Kurunegala Youth Cricket Club,TD Polgampola,WWAG Maneeshan,L Croospulle,0,0,,,,,,"",""
ball,4,10.1,Kurunegala Youth Cricket Club,WWAG Maneeshan,TD Polgampola,PADLR Sandakan,0,0,,,,,,"",""
ball,4,10.2,Kurunegala Youth Cricket Club,WWAG Maneeshan,TD Polgampola,PADLR Sandakan,1,0,,,,,,"",""
ball,4,10.3,Kurunegala Youth Cricket Club,TD Polgampola,WWAG Maneeshan,PADLR Sandakan,1,0,,,,,,"",""
ball,4,10.4,Kurunegala Youth Cricket Club,WWAG Maneeshan,TD Polgampola,PADLR Sandakan,1,0,,,,,,"",""
ball,4,10.5,Kurunegala Youth Cricket Club,TD Polgampola,WWAG Maneeshan,PADLR Sandakan,0,0,,,,,,lbw,TD Polgampola
ball,4,10.6,Kurunegala Youth Cricket Club,G Weerasinghe,WWAG Maneeshan,PADLR Sandakan,0,0,,,,,,"",""
ball,4,11.1,Kurunegala Youth Cricket Club,WWAG Maneeshan,G Weerasinghe,L Croospulle,0,0,,,,,,"",""
ball,4,11.2,Kurunegala Youth Cricket Club,WWAG Maneeshan,G Weerasinghe,L Croospulle,0,0,,,,,,"",""
ball,4,11.3,Kurunegala Youth Cricket Club,WWAG Maneeshan,G Weerasinghe,L Croospulle,0,0,,,,,,"",""
ball,4,11.4,Kurunegala Youth Cricket Club,WWAG Maneeshan,G Weerasinghe,L Croospulle,0,0,,,,,,"",""
ball,4,11.5,Kurunegala Youth Cricket Club,WWAG Maneeshan,G Weerasinghe,L Croospulle,0,0,,,,,,"",""
ball,4,11.6,Kurunegala Youth Cricket Club,WWAG Maneeshan,G Weerasinghe,L Croospulle,0,0,,,,,,"",""
ball,4,12.1,Kurunegala Youth Cricket Club,G Weerasinghe,WWAG Maneeshan,PADLR Sandakan,1,0,,,,,,"",""
ball,4,12.2,Kurunegala Youth Cricket Club,WWAG Maneeshan,G Weerasinghe,PADLR Sandakan,1,0,,,,,,"",""
ball,4,12.3,Kurunegala Youth Cricket Club,G Weerasinghe,WWAG Maneeshan,PADLR Sandakan,0,0,,,,,,"",""
ball,4,12.4,Kurunegala Youth Cricket Club,G Weerasinghe,WWAG Maneeshan,PADLR Sandakan,0,0,,,,,,"",""
ball,4,12.5,Kurunegala Youth Cricket Club,G Weerasinghe,WWAG Maneeshan,PADLR Sandakan,4,0,,,,,,"",""
ball,4,12.6,Kurunegala Youth Cricket Club,G Weerasinghe,WWAG Maneeshan,PADLR Sandakan,0,0,,,,,,"",""
ball,4,13.1,Kurunegala Youth Cricket Club,WWAG Maneeshan,G Weerasinghe,PWH de Silva,1,0,,,,,,"",""
ball,4,13.2,Kurunegala Youth Cricket Club,G Weerasinghe,WWAG Maneeshan,PWH de Silva,0,0,,,,,,"",""
ball,4,13.3,Kurunegala Youth Cricket Club,G Weerasinghe,WWAG Maneeshan,PWH de Silva,0,0,,,,,,"",""
ball,4,13.4,Kurunegala Youth Cricket Club,G Weerasinghe,WWAG Maneeshan,PWH de Silva,1,0,,,,,,"",""
ball,4,13.5,Kurunegala Youth Cricket Club,WWAG Maneeshan,G Weerasinghe,PWH de Silva,0,0,,,,,,"",""
ball,4,13.6,Kurunegala Youth Cricket Club,WWAG Maneeshan,G Weerasinghe,PWH de Silva,0,0,,,,,,"",""
ball,4,14.1,Kurunegala Youth Cricket Club,G Weerasinghe,WWAG Maneeshan,PADLR Sandakan,0,0,,,,,,"",""
ball,4,14.2,Kurunegala Youth Cricket Club,G Weerasinghe,WWAG Maneeshan,PADLR Sandakan,0,0,,,,,,"",""
ball,4,14.3,Kurunegala Youth Cricket Club,G Weerasinghe,WWAG Maneeshan,PADLR Sandakan,0,0,,,,,,bowled,G Weerasinghe
ball,4,14.4,Kurunegala Youth Cricket Club,LEK Edirisinghe,WWAG Maneeshan,PADLR Sandakan,0,0,,,,,,"",""
ball,4,14.5,Kurunegala Youth Cricket Club,LEK Edirisinghe,WWAG Maneeshan,PADLR Sandakan,0,0,,,,,,"",""
ball,4,14.6,Kurunegala Youth Cricket Club,LEK Edirisinghe,WWAG Maneeshan,PADLR Sandakan,0,0,,,,,,"",""
ball,4,15.1,Kurunegala Youth Cricket Club,WWAG Maneeshan,LEK Edirisinghe,PWH de Silva,0,0,,,,,,"",""
ball,4,15.2,Kurunegala Youth Cricket Club,WWAG Maneeshan,LEK Edirisinghe,PWH de Silva,1,0,,,,,,"",""
ball,4,15.3,Kurunegala Youth Cricket Club,LEK Edirisinghe,WWAG Maneeshan,PWH de Silva,0,0,,,,,,"",""
ball,4,15.4,Kurunegala Youth Cricket Club,LEK Edirisinghe,WWAG Maneeshan,PWH de Silva,1,0,,,,,,"",""
ball,4,15.5,Kurunegala Youth Cricket Club,WWAG Maneeshan,LEK Edirisinghe,PWH de Silva,1,0,,,,,,"",""
ball,4,15.6,Kurunegala Youth Cricket Club,LEK Edirisinghe,WWAG Maneeshan,PWH de Silva,0,0,,,,,,"",""
ball,4,16.1,Kurunegala Youth Cricket Club,WWAG Maneeshan,LEK Edirisinghe,PADLR Sandakan,0,0,,,,,,"",""
ball,4,16.2,Kurunegala Youth Cricket Club,WWAG Maneeshan,LEK Edirisinghe,PADLR Sandakan,0,0,,,,,,"",""
ball,4,16.3,Kurunegala Youth Cricket Club,WWAG Maneeshan,LEK Edirisinghe,PADLR Sandakan,0,0,,,,,,"",""
ball,4,16.4,Kurunegala Youth Cricket Club,WWAG Maneeshan,LEK Edirisinghe,PADLR Sandakan,0,0,,,,,,"",""
ball,4,16.5,Kurunegala Youth Cricket Club,WWAG Maneeshan,LEK Edirisinghe,PADLR Sandakan,0,0,,,,,,"",""
ball,4,16.6,Kurunegala Youth Cricket Club,WWAG Maneeshan,LEK Edirisinghe,PADLR Sandakan,1,0,,,,,,"",""
ball,4,17.1,Kurunegala Youth Cricket Club,WWAG Maneeshan,LEK Edirisinghe,PWH de Silva,1,0,,,,,,"",""
ball,4,17.2,Kurunegala Youth Cricket Club,LEK Edirisinghe,WWAG Maneeshan,PWH de Silva,0,0,,,,,,"",""
ball,4,17.3,Kurunegala Youth Cricket Club,LEK Edirisinghe,WWAG Maneeshan,PWH de Silva,0,0,,,,,,"",""
ball,4,17.4,Kurunegala Youth Cricket Club,LEK Edirisinghe,WWAG Maneeshan,PWH de Silva,1,0,,,,,,"",""
ball,4,17.5,Kurunegala Youth Cricket Club,WWAG Maneeshan,LEK Edirisinghe,PWH de Silva,0,0,,,,,,"",""
ball,4,17.6,Kurunegala Youth Cricket Club,WWAG Maneeshan,LEK Edirisinghe,PWH de Silva,4,0,,,,,,"",""
ball,4,18.1,Kurunegala Youth Cricket Club,LEK Edirisinghe,WWAG Maneeshan,PADLR Sandakan,0,0,,,,,,"",""
ball,4,18.2,Kurunegala Youth Cricket Club,LEK Edirisinghe,WWAG Maneeshan,PADLR Sandakan,0,0,,,,,,"",""
ball,4,18.3,Kurunegala Youth Cricket Club,LEK Edirisinghe,WWAG Maneeshan,PADLR Sandakan,0,0,,,,,,"",""
ball,4,18.4,Kurunegala Youth Cricket Club,LEK Edirisinghe,WWAG Maneeshan,PADLR Sandakan,0,0,,,,,,"",""
ball,4,18.5,Kurunegala Youth Cricket Club,LEK Edirisinghe,WWAG Maneeshan,PADLR Sandakan,0,0,,,,,,"",""
ball,4,18.6,Kurunegala Youth Cricket Club,LEK Edirisinghe,WWAG Maneeshan,PADLR Sandakan,0,0,,,,,,"",""
ball,4,19.1,Kurunegala Youth Cricket Club,WWAG Maneeshan,LEK Edirisinghe,PWH de Silva,0,0,,,,,,"",""
ball,4,19.2,Kurunegala Youth Cricket Club,WWAG Maneeshan,LEK Edirisinghe,PWH de Silva,1,0,,,,,,"",""
ball,4,19.3,Kurunegala Youth Cricket Club,LEK Edirisinghe,WWAG Maneeshan,PWH de Silva,0,0,,,,,,"",""
ball,4,19.4,Kurunegala Youth Cricket Club,LEK Edirisinghe,WWAG Maneeshan,PWH de Silva,0,0,,,,,,"",""
ball,4,19.5,Kurunegala Youth Cricket Club,LEK Edirisinghe,WWAG Maneeshan,PWH de Silva,1,0,,,,,,"",""
ball,4,19.6,Kurunegala Youth Cricket Club,WWAG Maneeshan,LEK Edirisinghe,PWH de Silva,0,0,,,,,,"",""
ball,4,20.1,Kurunegala Youth Cricket Club,LEK Edirisinghe,WWAG Maneeshan,PADLR Sandakan,0,0,,,,,,"",""
ball,4,20.2,Kurunegala Youth Cricket Club,LEK Edirisinghe,WWAG Maneeshan,PADLR Sandakan,0,0,,,,,,"",""
ball,4,20.3,Kurunegala Youth Cricket Club,LEK Edirisinghe,WWAG Maneeshan,PADLR Sandakan,0,0,,,,,,"",""
ball,4,20.4,Kurunegala Youth Cricket Club,LEK Edirisinghe,WWAG Maneeshan,PADLR Sandakan,0,0,,,,,,"",""
ball,4,20.5,Kurunegala Youth Cricket Club,LEK Edirisinghe,WWAG Maneeshan,PADLR Sandakan,4,0,,,,,,"",""
ball,4,20.6,Kurunegala Youth Cricket Club,LEK Edirisinghe,WWAG Maneeshan,PADLR Sandakan,0,0,,,,,,"",""
ball,4,21.1,Kurunegala Youth Cricket Club,WWAG Maneeshan,LEK Edirisinghe,L Croospulle,1,0,,,,,,"",""
ball,4,21.2,Kurunegala Youth Cricket Club,LEK Edirisinghe,WWAG Maneeshan,L Croospulle,0,0,,,,,,"",""
ball,4,21.3,Kurunegala Youth Cricket Club,LEK Edirisinghe,WWAG Maneeshan,L Croospulle,4,0,,,,,,"",""
ball,4,21.4,Kurunegala Youth Cricket Club,LEK Edirisinghe,WWAG Maneeshan,L Croospulle,0,0,,,,,,"",""
ball,4,21.5,Kurunegala Youth Cricket Club,LEK Edirisinghe,WWAG Maneeshan,L Croospulle,4,0,,,,,,"",""
ball,4,21.6,Kurunegala Youth Cricket Club,LEK Edirisinghe,WWAG Maneeshan,L Croospulle,0,0,,,,,,"",""
ball,4,22.1,Kurunegala Youth Cricket Club,WWAG Maneeshan,LEK Edirisinghe,PADLR Sandakan,0,0,,,,,,"",""
ball,4,22.2,Kurunegala Youth Cricket Club,WWAG Maneeshan,LEK Edirisinghe,PADLR Sandakan,1,0,,,,,,"",""
ball,4,22.3,Kurunegala Youth Cricket Club,LEK Edirisinghe,WWAG Maneeshan,PADLR Sandakan,1,0,,,,,,"",""
ball,4,22.4,Kurunegala Youth Cricket Club,WWAG Maneeshan,LEK Edirisinghe,PADLR Sandakan,0,0,,,,,,"",""
ball,4,22.5,Kurunegala Youth Cricket Club,WWAG Maneeshan,LEK Edirisinghe,PADLR Sandakan,0,0,,,,,,"",""
ball,4,22.6,Kurunegala Youth Cricket Club,WWAG Maneeshan,LEK Edirisinghe,PADLR Sandakan,0,0,,,,,,"",""
ball,4,23.1,Kurunegala Youth Cricket Club,LEK Edirisinghe,WWAG Maneeshan,L Croospulle,0,0,,,,,,"",""
ball,4,23.2,Kurunegala Youth Cricket Club,LEK Edirisinghe,WWAG Maneeshan,L Croospulle,4,0,,,,,,"",""
ball,4,23.3,Kurunegala Youth Cricket Club,LEK Edirisinghe,WWAG Maneeshan,L Croospulle,1,0,,,,,,"",""
ball,4,23.4,Kurunegala Youth Cricket Club,WWAG Maneeshan,LEK Edirisinghe,L Croospulle,0,0,,,,,,"",""
ball,4,23.5,Kurunegala Youth Cricket Club,WWAG Maneeshan,LEK Edirisinghe,L Croospulle,1,0,,,,,,"",""
ball,4,23.6,Kurunegala Youth Cricket Club,LEK Edirisinghe,WWAG Maneeshan,L Croospulle,0,0,,,,,,"",""
ball,4,24.1,Kurunegala Youth Cricket Club,WWAG Maneeshan,LEK Edirisinghe,PADLR Sandakan,1,0,,,,,,"",""
ball,4,24.2,Kurunegala Youth Cricket Club,LEK Edirisinghe,WWAG Maneeshan,PADLR Sandakan,0,0,,,,,,"",""
ball,4,24.3,Kurunegala Youth Cricket Club,LEK Edirisinghe,WWAG Maneeshan,PADLR Sandakan,0,0,,,,,,"",""
ball,4,24.4,Kurunegala Youth Cricket Club,LEK Edirisinghe,WWAG Maneeshan,PADLR Sandakan,4,0,,,,,,"",""
ball,4,24.5,Kurunegala Youth Cricket Club,LEK Edirisinghe,WWAG Maneeshan,PADLR Sandakan,0,0,,,,,,"",""
ball,4,24.6,Kurunegala Youth Cricket Club,LEK Edirisinghe,WWAG Maneeshan,PADLR Sandakan,0,0,,,,,,"",""
ball,4,25.1,Kurunegala Youth Cricket Club,WWAG Maneeshan,LEK Edirisinghe,I Karannagoda,1,0,,,,,,"",""
ball,4,25.2,Kurunegala Youth Cricket Club,LEK Edirisinghe,WWAG Maneeshan,I Karannagoda,0,0,,,,,,caught,LEK Edirisinghe
ball,4,25.3,Kurunegala Youth Cricket Club,R Madushanka,WWAG Maneeshan,I Karannagoda,1,0,,,,,,"",""
ball,4,25.4,Kurunegala Youth Cricket Club,WWAG Maneeshan,R Madushanka,I Karannagoda,2,0,,,,,,"",""
ball,4,25.5,Kurunegala Youth Cricket Club,WWAG Maneeshan,R Madushanka,I Karannagoda,4,0,,,,,,"",""
ball,4,25.6,Kurunegala Youth Cricket Club,WWAG Maneeshan,R Madushanka,I Karannagoda,0,0,,,,,,"",""
ball,4,26.1,Kurunegala Youth Cricket Club,R Madushanka,WWAG Maneeshan,PADLR Sandakan,2,0,,,,,,"",""
ball,4,26.2,Kurunegala Youth Cricket Club,R Madushanka,WWAG Maneeshan,PADLR Sandakan,0,0,,,,,,"",""
ball,4,26.3,Kurunegala Youth Cricket Club,R Madushanka,WWAG Maneeshan,PADLR Sandakan,0,0,,,,,,"",""
ball,4,26.4,Kurunegala Youth Cricket Club,R Madushanka,WWAG Maneeshan,PADLR Sandakan,1,0,,,,,,"",""
ball,4,26.5,Kurunegala Youth Cricket Club,WWAG Maneeshan,R Madushanka,PADLR Sandakan,1,0,,,,,,"",""
ball,4,26.6,Kurunegala Youth Cricket Club,R Madushanka,WWAG Maneeshan,PADLR Sandakan,1,0,,,,,,"",""
ball,4,27.1,Kurunegala Youth Cricket Club,R Madushanka,WWAG Maneeshan,I Karannagoda,0,0,,,,,,"",""
ball,4,27.2,Kurunegala Youth Cricket Club,R Madushanka,WWAG Maneeshan,I Karannagoda,0,0,,,,,,"",""
ball,4,27.3,Kurunegala Youth Cricket Club,R Madushanka,WWAG Maneeshan,I Karannagoda,0,0,,,,,,"",""
ball,4,27.4,Kurunegala Youth Cricket Club,R Madushanka,WWAG Maneeshan,I Karannagoda,0,0,,,,,,"",""
ball,4,27.5,Kurunegala Youth Cricket Club,R Madushanka,WWAG Maneeshan,I Karannagoda,1,0,,,,,,"",""
ball,4,27.6,Kurunegala Youth Cricket Club,WWAG Maneeshan,R Madushanka,I Karannagoda,0,0,,,,,,"",""
ball,4,28.1,Kurunegala Youth Cricket Club,R Madushanka,WWAG Maneeshan,PADLR Sandakan,1,0,,,,,,"",""
ball,4,28.2,Kurunegala Youth Cricket Club,WWAG Maneeshan,R Madushanka,PADLR Sandakan,4,0,,,,,,"",""
ball,4,28.3,Kurunegala Youth Cricket Club,WWAG Maneeshan,R Madushanka,PADLR Sandakan,1,0,,,,,,"",""
ball,4,28.4,Kurunegala Youth Cricket Club,R Madushanka,WWAG Maneeshan,PADLR Sandakan,1,0,,,,,,"",""
ball,4,28.5,Kurunegala Youth Cricket Club,WWAG Maneeshan,R Madushanka,PADLR Sandakan,1,0,,,,,,"",""
ball,4,28.6,Kurunegala Youth Cricket Club,R Madushanka,WWAG Maneeshan,PADLR Sandakan,1,0,,,,,,"",""
ball,4,29.1,Kurunegala Youth Cricket Club,R Madushanka,WWAG Maneeshan,I Karannagoda,0,0,,,,,,"",""
ball,4,29.2,Kurunegala Youth Cricket Club,R Madushanka,WWAG Maneeshan,I Karannagoda,1,0,,,,,,"",""
ball,4,29.3,Kurunegala Youth Cricket Club,WWAG Maneeshan,R Madushanka,I Karannagoda,1,0,,,,,,"",""
ball,4,29.4,Kurunegala Youth Cricket Club,R Madushanka,WWAG Maneeshan,I Karannagoda,0,0,,,,,,"",""
ball,4,29.5,Kurunegala Youth Cricket Club,R Madushanka,WWAG Maneeshan,I Karannagoda,0,0,,,,,,"",""
ball,4,29.6,Kurunegala Youth Cricket Club,R Madushanka,WWAG Maneeshan,I Karannagoda,1,0,,,,,,"",""
ball,4,30.1,Kurunegala Youth Cricket Club,R Madushanka,WWAG Maneeshan,PWH de Silva,1,0,,,,,,"",""
ball,4,30.2,Kurunegala Youth Cricket Club,WWAG Maneeshan,R Madushanka,PWH de Silva,0,0,,,,,,"",""
ball,4,30.3,Kurunegala Youth Cricket Club,WWAG Maneeshan,R Madushanka,PWH de Silva,0,0,,,,,,"",""
ball,4,30.4,Kurunegala Youth Cricket Club,WWAG Maneeshan,R Madushanka,PWH de Silva,0,0,,,,,,"",""
ball,4,30.5,Kurunegala Youth Cricket Club,WWAG Maneeshan,R Madushanka,PWH de Silva,0,0,,,,,,"",""
ball,4,30.6,Kurunegala Youth Cricket Club,WWAG Maneeshan,R Madushanka,PWH de Silva,0,0,,,,,,"",""
ball,4,31.1,Kurunegala Youth Cricket Club,R Madushanka,WWAG Maneeshan,I Karannagoda,1,0,,,,,,"",""
ball,4,31.2,Kurunegala Youth Cricket Club,WWAG Maneeshan,R Madushanka,I Karannagoda,0,0,,,,,,bowled,WWAG Maneeshan
ball,4,31.3,Kurunegala Youth Cricket Club,S Sadamal,R Madushanka,I Karannagoda,0,0,,,,,,"",""
ball,4,31.4,Kurunegala Youth Cricket Club,S Sadamal,R Madushanka,I Karannagoda,0,0,,,,,,"",""
ball,4,31.5,Kurunegala Youth Cricket Club,S Sadamal,R Madushanka,I Karannagoda,0,0,,,,,,"",""
ball,4,31.6,Kurunegala Youth Cricket Club,S Sadamal,R Madushanka,I Karannagoda,0,0,,,,,,"",""
ball,4,32.1,Kurunegala Youth Cricket Club,R Madushanka,S Sadamal,PWH de Silva,2,0,,,,,,"",""
ball,4,32.2,Kurunegala Youth Cricket Club,R Madushanka,S Sadamal,PWH de Silva,1,0,,,,,,"",""
ball,4,32.3,Kurunegala Youth Cricket Club,S Sadamal,R Madushanka,PWH de Silva,0,0,,,,,,"",""
ball,4,32.4,Kurunegala Youth Cricket Club,S Sadamal,R Madushanka,PWH de Silva,4,0,,,,,,"",""
ball,4,32.5,Kurunegala Youth Cricket Club,S Sadamal,R Madushanka,PWH de Silva,0,0,,,,,,"",""
ball,4,32.6,Kurunegala Youth Cricket Club,S Sadamal,R Madushanka,PWH de Silva,0,0,,,,,,"",""
ball,4,33.1,Kurunegala Youth Cricket Club,R Madushanka,S Sadamal,I Karannagoda,1,0,,,,,,"",""
ball,4,33.2,Kurunegala Youth Cricket Club,S Sadamal,R Madushanka,I Karannagoda,0,0,,,,,,caught,S Sadamal
ball,4,33.3,Kurunegala Youth Cricket Club,MLR Karunaratne,R Madushanka,I Karannagoda,0,4,,,4,,,"",""
ball,4,33.4,Kurunegala Youth Cricket Club,MLR Karunaratne,R Madushanka,I Karannagoda,0,0,,,,,,lbw,MLR Karunaratne
ball,4,33.5,Kurunegala Youth Cricket Club,D Malan,R Madushanka,I Karannagoda,0,0,,,,,,"",""
ball,4,33.6,Kurunegala Youth Cricket Club,D Malan,R Madushanka,I Karannagoda,0,0,,,,,,"",""
ball,4,34.1,Kurunegala Youth Cricket Club,R Madushanka,D Malan,PWH de Silva,0,0,,,,,,"",""
ball,4,34.2,Kurunegala Youth Cricket Club,R Madushanka,D Malan,PWH de Silva,1,0,,,,,,"",""
ball,4,34.3,Kurunegala Youth Cricket Club,D Malan,R Madushanka,PWH de Silva,0,0,,,,,,"",""
ball,4,34.4,Kurunegala Youth Cricket Club,D Malan,R Madushanka,PWH de Silva,0,0,,,,,,"",""
ball,4,34.5,Kurunegala Youth Cricket Club,D Malan,R Madushanka,PWH de Silva,1,0,,,,,,"",""
ball,4,34.6,Kurunegala Youth Cricket Club,R Madushanka,D Malan,PWH de Silva,0,0,,,,,,"",""
ball,4,35.1,Kurunegala Youth Cricket Club,D Malan,R Madushanka,I Karannagoda,0,0,,,,,,"",""
ball,4,35.2,Kurunegala Youth Cricket Club,D Malan,R Madushanka,I Karannagoda,0,0,,,,,,"",""
ball,4,35.3,Kurunegala Youth Cricket Club,D Malan,R Madushanka,I Karannagoda,0,0,,,,,,"",""
ball,4,35.4,Kurunegala Youth Cricket Club,D Malan,R Madushanka,I Karannagoda,0,0,,,,,,"",""
ball,4,35.5,Kurunegala Youth Cricket Club,D Malan,R Madushanka,I Karannagoda,1,0,,,,,,"",""
ball,4,35.6,Kurunegala Youth Cricket Club,R Madushanka,D Malan,I Karannagoda,0,0,,,,,,"",""
ball,4,36.1,Kurunegala Youth Cricket Club,D Malan,R Madushanka,PWH de Silva,0,0,,,,,,"",""
ball,4,36.2,Kurunegala Youth Cricket Club,D Malan,R Madushanka,PWH de Silva,0,0,,,,,,"",""
ball,4,36.3,Kurunegala Youth Cricket Club,D Malan,R Madushanka,PWH de Silva,1,0,,,,,,"",""
ball,4,36.4,Kurunegala Youth Cricket Club,R Madushanka,D Malan,PWH de Silva,6,0,,,,,,"",""
ball,4,36.5,Kurunegala Youth Cricket Club,R Madushanka,D Malan,PWH de Silva,4,0,,,,,,"",""
ball,4,36.6,Kurunegala Youth Cricket Club,R Madushanka,D Malan,PWH de Silva,0,0,,,,,,"",""
ball,4,37.1,Kurunegala Youth Cricket Club,D Malan,R Madushanka,I Karannagoda,1,0,,,,,,"",""
ball,4,37.2,Kurunegala Youth Cricket Club,R Madushanka,D Malan,I Karannagoda,1,0,,,,,,"",""
ball,4,37.3,Kurunegala Youth Cricket Club,D Malan,R Madushanka,I Karannagoda,1,0,,,,,,"",""
ball,4,37.4,Kurunegala Youth Cricket Club,R Madushanka,D Malan,I Karannagoda,0,0,,,,,,"",""
ball,4,37.5,Kurunegala Youth Cricket Club,R Madushanka,D Malan,I Karannagoda,0,0,,,,,,"",""
ball,4,37.6,Kurunegala Youth Cricket Club,R Madushanka,D Malan,I Karannagoda,0,0,,,,,,"",""
ball,4,38.1,Kurunegala Youth Cricket Club,D Malan,R Madushanka,PWH de Silva,2,0,,,,,,"",""
ball,4,38.2,Kurunegala Youth Cricket Club,D Malan,R Madushanka,PWH de Silva,0,0,,,,,,"",""
ball,4,38.3,Kurunegala Youth Cricket Club,D Malan,R Madushanka,PWH de Silva,0,0,,,,,,"",""
ball,4,38.4,Kurunegala Youth Cricket Club,D Malan,R Madushanka,PWH de Silva,4,0,,,,,,"",""
ball,4,38.5,Kurunegala Youth Cricket Club,D Malan,R Madushanka,PWH de Silva,0,0,,,,,,"",""
ball,4,38.6,Kurunegala Youth Cricket Club,D Malan,R Madushanka,PWH de Silva,0,0,,,,,,"",""
ball,4,39.1,Kurunegala Youth Cricket Club,R Madushanka,D Malan,I Karannagoda,0,0,,,,,,"",""
ball,4,39.2,Kurunegala Youth Cricket Club,R Madushanka,D Malan,I Karannagoda,0,0,,,,,,"",""
ball,4,39.3,Kurunegala Youth Cricket Club,R Madushanka,D Malan,I Karannagoda,0,0,,,,,,"",""
ball,4,39.4,Kurunegala Youth Cricket Club,R Madushanka,D Malan,I Karannagoda,0,0,,,,,,"",""
ball,4,39.5,Kurunegala Youth Cricket Club,R Madushanka,D Malan,I Karannagoda,1,0,,,,,,"",""
ball,4,39.6,Kurunegala Youth Cricket Club,D Malan,R Madushanka,I Karannagoda,0,0,,,,,,"",""
ball,4,40.1,Kurunegala Youth Cricket Club,R Madushanka,D Malan,PWH de Silva,0,0,,,,,,caught,R Madushanka
ball,4,40.2,Kurunegala Youth Cricket Club,PLM Jayaratne,D Malan,PWH de Silva,0,0,,,,,,"",""
ball,4,40.3,Kurunegala Youth Cricket Club,PLM Jayaratne,D Malan,PWH de Silva,0,0,,,,,,"",""
ball,4,40.4,Kurunegala Youth Cricket Club,PLM Jayaratne,D Malan,PWH de Silva,0,0,,,,,,"",""
ball,4,40.5,Kurunegala Youth Cricket Club,PLM Jayaratne,D Malan,PWH de Silva,0,0,,,,,,"",""
ball,4,40.6,Kurunegala Youth Cricket Club,PLM Jayaratne,D Malan,PWH de Silva,0,0,,,,,,bowled,PLM Jayaratne
ball,4,41.1,Kurunegala Youth Cricket Club,D Malan,A Premaratne,I Karannagoda,0,0,,,,,,"",""
ball,4,41.2,Kurunegala Youth Cricket Club,D Malan,A Premaratne,I Karannagoda,0,0,,,,,,"",""
ball,4,41.3,Kurunegala Youth Cricket Club,D Malan,A Premaratne,I Karannagoda,0,0,,,,,,"",""
ball,4,41.4,Kurunegala Youth Cricket Club,D Malan,A Premaratne,I Karannagoda,1,0,,,,,,"",""
ball,4,41.5,Kurunegala Youth Cricket Club,A Premaratne,D Malan,I Karannagoda,0,0,,,,,,"",""
ball,4,41.6,Kurunegala Youth Cricket Club,A Premaratne,D Malan,I Karannagoda,0,0,,,,,,"",""
ball,4,42.1,Kurunegala Youth Cricket Club,D Malan,A Premaratne,PWH de Silva,1,0,,,,,,"",""
ball,4,42.2,Kurunegala Youth Cricket Club,A Premaratne,D Malan,PWH de Silva,0,0,,,,,,"",""
ball,4,42.3,Kurunegala Youth Cricket Club,A Premaratne,D Malan,PWH de Silva,0,0,,,,,,"",""
ball,4,42.4,Kurunegala Youth Cricket Club,A Premaratne,D Malan,PWH de Silva,0,0,,,,,,"",""
ball,4,42.5,Kurunegala Youth Cricket Club,A Premaratne,D Malan,PWH de Silva,0,0,,,,,,"",""
ball,4,42.6,Kurunegala Youth Cricket Club,A Premaratne,D Malan,PWH de Silva,0,0,,,,,,"",""
ball,4,43.1,Kurunegala Youth Cricket Club,D Malan,A Premaratne,I Karannagoda,4,0,,,,,,"",""
ball,4,43.2,Kurunegala Youth Cricket Club,D Malan,A Premaratne,I Karannagoda,0,0,,,,,,"",""
ball,4,43.3,Kurunegala Youth Cricket Club,D Malan,A Premaratne,I Karannagoda,0,0,,,,,,"",""
ball,4,43.4,Kurunegala Youth Cricket Club,D Malan,A Premaratne,I Karannagoda,1,0,,,,,,"",""
ball,4,43.5,Kurunegala Youth Cricket Club,A Premaratne,D Malan,I Karannagoda,1,0,,,,,,"",""
ball,4,43.6,Kurunegala Youth Cricket Club,D Malan,A Premaratne,I Karannagoda,0,0,,,,,,"",""
ball,4,44.1,Kurunegala Youth Cricket Club,A Premaratne,D Malan,PWH de Silva,0,0,,,,,,"",""
ball,4,44.2,Kurunegala Youth Cricket Club,A Premaratne,D Malan,PWH de Silva,0,0,,,,,,"",""
ball,4,44.3,Kurunegala Youth Cricket Club,A Premaratne,D Malan,PWH de Silva,0,0,,,,,,caught,A Premaratne
ball,4,44.4,Kurunegala Youth Cricket Club,HGK Dilshan,D Malan,PWH de Silva,0,0,,,,,,"",""
ball,4,44.5,Kurunegala Youth Cricket Club,HGK Dilshan,D Malan,PWH de Silva,1,0,,,,,,"",""
ball,4,44.6,Kurunegala Youth Cricket Club,D Malan,HGK Dilshan,PWH de Silva,4,0,,,,,,"",""
ball,4,45.1,Kurunegala Youth Cricket Club,HGK Dilshan,D Malan,I Karannagoda,4,0,,,,,,"",""
ball,4,45.2,Kurunegala Youth Cricket Club,HGK Dilshan,D Malan,I Karannagoda,0,0,,,,,,"",""
ball,4,45.3,Kurunegala Youth Cricket Club,HGK Dilshan,D Malan,I Karannagoda,0,0,,,,,,"",""
ball,4,45.4,Kurunegala Youth Cricket Club,HGK Dilshan,D Malan,I Karannagoda,0,0,,,,,,"",""
ball,4,45.5,Kurunegala Youth Cricket Club,HGK Dilshan,D Malan,I Karannagoda,0,0,,,,,,"",""
ball,4,45.6,Kurunegala Youth Cricket Club,HGK Dilshan,D Malan,I Karannagoda,0,0,,,,,,caught,HGK Dilshan
