version,1.7.0
info,balls_per_over,6
info,team,Colombo Cricket Club
info,team,Tamil Union Cricket and Athletic Club
info,gender,male
info,season,2025
info,date,2025/07/27
info,event,Major Clubs Limited Over Tournament
info,venue,Colombo Cricket Club Ground
info,city,Colombo
info,toss_winner,Tamil Union Cricket and Athletic Club
info,toss_decision,field
info,umpire,BCN Amarasinghe
info,umpire,LE Hannibal
info,reserve_umpire,JWHD Boteju
info,tv_umpire,RA Kottahachchi
info,match_referee,GF Labrooy
info,winner,Colombo Cricket Club
info,winner_runs,68
info,player,Colombo Cricket Club,KNM Fernando
info,player,Colombo Cricket Club,L Croospulle
info,player,Colombo Cricket Club,DM de Silva
info,player,Colombo Cricket Club,PHKD Mendis
info,player,Colombo Cricket Club,P Rathnayake
info,player,Colombo Cricket Club,GS Dinusha
info,player,Colombo Cricket Club,S Kosala
info,player,Colombo Cricket Club,C Wijesinghe
info,player,Colombo Cricket Club,KN Peiris
info,player,Colombo Cricket Club,MVT Fernando
info,player,Colombo Cricket Club,N Thushara
info,player,Tamil Union Cricket and Athletic Club,S Hapuhinna
info,player,Tamil Union Cricket and Athletic Club,Sineth Jayawardena
info,player,Tamil Union Cricket and Athletic Club,M Bhanuka
info,player,Tamil Union Cricket and Athletic Club,S Shanmuganathan
info,player,Tamil Union Cricket and Athletic Club,V Thewmika
info,player,Tamil Union Cricket and Athletic Club,PBB Rajapaksa
info,player,Tamil Union Cricket and Athletic Club,S Jayathilake
info,player,Tamil Union Cricket and Athletic Club,SMLD Samarakoon
info,player,Tamil Union Cricket and Athletic Club,V Viyaskanth
info,player,Tamil Union Cricket and Athletic Club,KTH Ratnayake
info,player,Tamil Union Cricket and Athletic Club,T Vithushan
info,registry,people,BCN Amarasinghe,ccd560d6
info,registry,people,C Wijesinghe,0a2d45b0
info,registry,people,DM de Silva,7d608e12
info,registry,people,GF Labrooy,8e088dbc
info,registry,people,GS Dinusha,4bbfddd5
info,registry,people,JWHD Boteju,7934d6fb
info,registry,people,KN Peiris,d0cc2738
info,registry,people,KNM Fernando,d2a2bb1a
info,registry,people,KTH Ratnayake,4eb02f2e
info,registry,people,L Croospulle,e30c9b2d
info,registry,people,LE Hannibal,3c04e91a
info,registry,people,M Bhanuka,684d21d7
info,registry,people,MVT Fernando,5eef2118
info,registry,people,N Thushara,ee1b6c27
info,registry,people,P Rathnayake,c1fdfb46
info,registry,people,PBB Rajapaksa,6c882e9a
info,registry,people,PHKD Mendis,08548b13
info,registry,people,RA Kottahachchi,808f2939
info,registry,people,S Hapuhinna,60a9ffb4
info,registry,people,S Jayathilake,6ba6ca1f
info,registry,people,S Kosala,b4411c29
info,registry,people,S Shanmuganathan,50ed826d
info,registry,people,SMLD Samarakoon,d28f4d1c
info,registry,people,STS Senarathne,cbafbb70
info,registry,people,Sineth Jayawardena,e4bf3570
info,registry,people,T Vithushan,748f1901
info,registry,people,V Thewmika,d3a1f753
info,registry,people,V Viyaskanth,03a83c50
ball,1,0.1,Colombo Cricket Club,KNM Fernando,L Croospulle,SMLD Samarakoon,1,0,,,,,,"",""
ball,1,0.2,Colombo Cricket Club,L Croospulle,KNM Fernando,SMLD Samarakoon,0,0,,,,,,"",""
ball,1,0.3,Colombo Cricket Club,L Croospulle,KNM Fernando,SMLD Samarakoon,1,0,,,,,,"",""
ball,1,0.4,Colombo Cricket Club,KNM Fernando,L Croospulle,SMLD Samarakoon,0,0,,,,,,"",""
ball,1,0.5,Colombo Cricket Club,KNM Fernando,L Croospulle,SMLD Samarakoon,1,0,,,,,,"",""
ball,1,0.6,Colombo Cricket Club,L Croospulle,KNM Fernando,SMLD Samarakoon,0,0,,,,,,"",""
ball,1,1.1,Colombo Cricket Club,KNM Fernando,L Croospulle,T Vithushan,0,0,,,,,,"",""
ball,1,1.2,Colombo Cricket Club,KNM Fernando,L Croospulle,T Vithushan,0,0,,,,,,"",""
ball,1,1.3,Colombo Cricket Club,KNM Fernando,L Croospulle,T Vithushan,0,0,,,,,,"",""
ball,1,1.4,Colombo Cricket Club,KNM Fernando,L Croospulle,T Vithushan,1,0,,,,,,"",""
ball,1,1.5,Colombo Cricket Club,L Croospulle,KNM Fernando,T Vithushan,0,0,,,,,,"",""
ball,1,1.6,Colombo Cricket Club,L Croospulle,KNM Fernando,T Vithushan,1,0,,,,,,"",""
ball,1,2.1,Colombo Cricket Club,L Croospulle,KNM Fernando,SMLD Samarakoon,0,0,,,,,,"",""
ball,1,2.2,Colombo Cricket Club,L Croospulle,KNM Fernando,SMLD Samarakoon,0,0,,,,,,lbw,L Croospulle
ball,1,2.3,Colombo Cricket Club,DM de Silva,KNM Fernando,SMLD Samarakoon,0,0,,,,,,"",""
ball,1,2.4,Colombo Cricket Club,DM de Silva,KNM Fernando,SMLD Samarakoon,2,0,,,,,,"",""
ball,1,2.5,Colombo Cricket Club,DM de Silva,KNM Fernando,SMLD Samarakoon,0,0,,,,,,"",""
ball,1,2.6,Colombo Cricket Club,DM de Silva,KNM Fernando,SMLD Samarakoon,0,0,,,,,,"",""
ball,1,3.1,Colombo Cricket Club,KNM Fernando,DM de Silva,T Vithushan,0,0,,,,,,"",""
ball,1,3.2,Colombo Cricket Club,KNM Fernando,DM de Silva,T Vithushan,0,0,,,,,,"",""
ball,1,3.3,Colombo Cricket Club,KNM Fernando,DM de Silva,T Vithushan,4,0,,,,,,"",""
ball,1,3.4,Colombo Cricket Club,KNM Fernando,DM de Silva,T Vithushan,0,0,,,,,,"",""
ball,1,3.5,Colombo Cricket Club,KNM Fernando,DM de Silva,T Vithushan,0,0,,,,,,"",""
ball,1,3.6,Colombo Cricket Club,KNM Fernando,DM de Silva,T Vithushan,0,0,,,,,,"",""
ball,1,4.1,Colombo Cricket Club,DM de Silva,KNM Fernando,SMLD Samarakoon,0,0,,,,,,"",""
ball,1,4.2,Colombo Cricket Club,DM de Silva,KNM Fernando,SMLD Samarakoon,0,0,,,,,,"",""
ball,1,4.3,Colombo Cricket Club,DM de Silva,KNM Fernando,SMLD Samarakoon,0,0,,,,,,"",""
ball,1,4.4,Colombo Cricket Club,DM de Silva,KNM Fernando,SMLD Samarakoon,0,0,,,,,,"",""
ball,1,4.5,Colombo Cricket Club,DM de Silva,KNM Fernando,SMLD Samarakoon,4,0,,,,,,"",""
ball,1,4.6,Colombo Cricket Club,DM de Silva,KNM Fernando,SMLD Samarakoon,0,0,,,,,,"",""
ball,1,5.1,Colombo Cricket Club,KNM Fernando,DM de Silva,T Vithushan,0,0,,,,,,"",""
ball,1,5.2,Colombo Cricket Club,KNM Fernando,DM de Silva,T Vithushan,0,0,,,,,,"",""
ball,1,5.3,Colombo Cricket Club,KNM Fernando,DM de Silva,T Vithushan,0,0,,,,,,"",""
ball,1,5.4,Colombo Cricket Club,KNM Fernando,DM de Silva,T Vithushan,0,0,,,,,,"",""
ball,1,5.5,Colombo Cricket Club,KNM Fernando,DM de Silva,T Vithushan,0,0,,,,,,"",""
ball,1,5.6,Colombo Cricket Club,KNM Fernando,DM de Silva,T Vithushan,0,0,,,,,,"",""
ball,1,6.1,Colombo Cricket Club,DM de Silva,KNM Fernando,SMLD Samarakoon,3,0,,,,,,"",""
ball,1,6.2,Colombo Cricket Club,KNM Fernando,DM de Silva,SMLD Samarakoon,0,0,,,,,,"",""
ball,1,6.3,Colombo Cricket Club,KNM Fernando,DM de Silva,SMLD Samarakoon,1,0,,,,,,"",""
ball,1,6.4,Colombo Cricket Club,DM de Silva,KNM Fernando,SMLD Samarakoon,0,0,,,,,,"",""
ball,1,6.5,Colombo Cricket Club,DM de Silva,KNM Fernando,SMLD Samarakoon,0,0,,,,,,"",""
ball,1,6.6,Colombo Cricket Club,DM de Silva,KNM Fernando,SMLD Samarakoon,0,0,,,,,,"",""
ball,1,7.1,Colombo Cricket Club,KNM Fernando,DM de Silva,T Vithushan,1,0,,,,,,"",""
ball,1,7.2,Colombo Cricket Club,DM de Silva,KNM Fernando,T Vithushan,0,0,,,,,,"",""
ball,1,7.3,Colombo Cricket Club,DM de Silva,KNM Fernando,T Vithushan,1,0,,,,,,"",""
ball,1,7.4,Colombo Cricket Club,KNM Fernando,DM de Silva,T Vithushan,4,0,,,,,,"",""
ball,1,7.5,Colombo Cricket Club,KNM Fernando,DM de Silva,T Vithushan,1,0,,,,,,"",""
ball,1,7.6,Colombo Cricket Club,DM de Silva,KNM Fernando,T Vithushan,0,0,,,,,,"",""
ball,1,8.1,Colombo Cricket Club,KNM Fernando,DM de Silva,SMLD Samarakoon,0,0,,,,,,"",""
ball,1,8.2,Colombo Cricket Club,KNM Fernando,DM de Silva,SMLD Samarakoon,4,0,,,,,,"",""
ball,1,8.3,Colombo Cricket Club,KNM Fernando,DM de Silva,SMLD Samarakoon,1,0,,,,,,"",""
ball,1,8.4,Colombo Cricket Club,DM de Silva,KNM Fernando,SMLD Samarakoon,0,0,,,,,,"",""
ball,1,8.5,Colombo Cricket Club,DM de Silva,KNM Fernando,SMLD Samarakoon,4,0,,,,,,"",""
ball,1,8.6,Colombo Cricket Club,DM de Silva,KNM Fernando,SMLD Samarakoon,0,0,,,,,,caught,DM de Silva
ball,1,9.1,Colombo Cricket Club,KNM Fernando,PHKD Mendis,T Vithushan,0,0,,,,,,"",""
ball,1,9.2,Colombo Cricket Club,KNM Fernando,PHKD Mendis,T Vithushan,0,0,,,,,,"",""
ball,1,9.3,Colombo Cricket Club,KNM Fernando,PHKD Mendis,T Vithushan,2,0,,,,,,"",""
ball,1,9.4,Colombo Cricket Club,KNM Fernando,PHKD Mendis,T Vithushan,0,0,,,,,,"",""
ball,1,9.5,Colombo Cricket Club,KNM Fernando,PHKD Mendis,T Vithushan,0,0,,,,,,"",""
ball,1,9.6,Colombo Cricket Club,KNM Fernando,PHKD Mendis,T Vithushan,0,0,,,,,,"",""
ball,1,10.1,Colombo Cricket Club,PHKD Mendis,KNM Fernando,SMLD Samarakoon,0,0,,,,,,"",""
ball,1,10.2,Colombo Cricket Club,PHKD Mendis,KNM Fernando,SMLD Samarakoon,1,0,,,,,,"",""
ball,1,10.3,Colombo Cricket Club,KNM Fernando,PHKD Mendis,SMLD Samarakoon,4,0,,,,,,"",""
ball,1,10.4,Colombo Cricket Club,KNM Fernando,PHKD Mendis,SMLD Samarakoon,0,0,,,,,,"",""
ball,1,10.5,Colombo Cricket Club,KNM Fernando,PHKD Mendis,SMLD Samarakoon,0,0,,,,,,"",""
ball,1,10.6,Colombo Cricket Club,KNM Fernando,PHKD Mendis,SMLD Samarakoon,0,0,,,,,,"",""
ball,1,11.1,Colombo Cricket Club,PHKD Mendis,KNM Fernando,V Viyaskanth,0,0,,,,,,"",""
ball,1,11.2,Colombo Cricket Club,PHKD Mendis,KNM Fernando,V Viyaskanth,1,0,,,,,,"",""
ball,1,11.3,Colombo Cricket Club,KNM Fernando,PHKD Mendis,V Viyaskanth,0,0,,,,,,"",""
ball,1,11.4,Colombo Cricket Club,KNM Fernando,PHKD Mendis,V Viyaskanth,1,0,,,,,,"",""
ball,1,11.5,Colombo Cricket Club,PHKD Mendis,KNM Fernando,V Viyaskanth,0,0,,,,,,"",""
ball,1,11.6,Colombo Cricket Club,PHKD Mendis,KNM Fernando,V Viyaskanth,1,0,,,,,,"",""
ball,1,12.1,Colombo Cricket Club,PHKD Mendis,KNM Fernando,KTH Ratnayake,1,0,,,,,,"",""
ball,1,12.2,Colombo Cricket Club,KNM Fernando,PHKD Mendis,KTH Ratnayake,0,0,,,,,,"",""
ball,1,12.3,Colombo Cricket Club,KNM Fernando,PHKD Mendis,KTH Ratnayake,6,0,,,,,,"",""
ball,1,12.4,Colombo Cricket Club,KNM Fernando,PHKD Mendis,KTH Ratnayake,1,0,,,,,,"",""
ball,1,12.5,Colombo Cricket Club,PHKD Mendis,KNM Fernando,KTH Ratnayake,0,0,,,,,,"",""
ball,1,12.6,Colombo Cricket Club,PHKD Mendis,KNM Fernando,KTH Ratnayake,0,0,,,,,,"",""
ball,1,13.1,Colombo Cricket Club,KNM Fernando,PHKD Mendis,V Viyaskanth,2,0,,,,,,"",""
ball,1,13.2,Colombo Cricket Club,KNM Fernando,PHKD Mendis,V Viyaskanth,0,0,,,,,,"",""
ball,1,13.3,Colombo Cricket Club,KNM Fernando,PHKD Mendis,V Viyaskanth,0,0,,,,,,"",""
ball,1,13.4,Colombo Cricket Club,KNM Fernando,PHKD Mendis,V Viyaskanth,1,0,,,,,,"",""
ball,1,13.5,Colombo Cricket Club,PHKD Mendis,KNM Fernando,V Viyaskanth,1,0,,,,,,"",""
ball,1,13.6,Colombo Cricket Club,KNM Fernando,PHKD Mendis,V Viyaskanth,0,0,,,,,,bowled,KNM Fernando
ball,1,14.1,Colombo Cricket Club,PHKD Mendis,P Rathnayake,KTH Ratnayake,1,0,,,,,,"",""
ball,1,14.2,Colombo Cricket Club,P Rathnayake,PHKD Mendis,KTH Ratnayake,4,0,,,,,,"",""
ball,1,14.3,Colombo Cricket Club,P Rathnayake,PHKD Mendis,KTH Ratnayake,1,0,,,,,,"",""
ball,1,14.4,Colombo Cricket Club,PHKD Mendis,P Rathnayake,KTH Ratnayake,0,0,,,,,,"",""
ball,1,14.5,Colombo Cricket Club,PHKD Mendis,P Rathnayake,KTH Ratnayake,4,0,,,,,,"",""
ball,1,14.6,Colombo Cricket Club,PHKD Mendis,P Rathnayake,KTH Ratnayake,0,0,,,,,,"",""
ball,1,15.1,Colombo Cricket Club,P Rathnayake,PHKD Mendis,V Viyaskanth,0,0,,,,,,"",""
ball,1,15.2,Colombo Cricket Club,P Rathnayake,PHKD Mendis,V Viyaskanth,1,0,,,,,,"",""
ball,1,15.3,Colombo Cricket Club,PHKD Mendis,P Rathnayake,V Viyaskanth,1,0,,,,,,"",""
ball,1,15.4,Colombo Cricket Club,P Rathnayake,PHKD Mendis,V Viyaskanth,0,1,,1,,,,"",""
ball,1,15.5,Colombo Cricket Club,P Rathnayake,PHKD Mendis,V Viyaskanth,4,0,,,,,,"",""
ball,1,15.6,Colombo Cricket Club,P Rathnayake,PHKD Mendis,V Viyaskanth,4,0,,,,,,"",""
ball,1,15.7,Colombo Cricket Club,P Rathnayake,PHKD Mendis,V Viyaskanth,0,0,,,,,,"",""
ball,1,16.1,Colombo Cricket Club,PHKD Mendis,P Rathnayake,S Jayathilake,6,0,,,,,,"",""
ball,1,16.2,Colombo Cricket Club,PHKD Mendis,P Rathnayake,S Jayathilake,4,0,,,,,,"",""
ball,1,16.3,Colombo Cricket Club,PHKD Mendis,P Rathnayake,S Jayathilake,1,0,,,,,,"",""
ball,1,16.4,Colombo Cricket Club,P Rathnayake,PHKD Mendis,S Jayathilake,1,0,,,,,,"",""
ball,1,16.5,Colombo Cricket Club,PHKD Mendis,P Rathnayake,S Jayathilake,0,0,,,,,,"",""
ball,1,16.6,Colombo Cricket Club,PHKD Mendis,P Rathnayake,S Jayathilake,0,0,,,,,,"",""
ball,1,17.1,Colombo Cricket Club,P Rathnayake,PHKD Mendis,V Viyaskanth,0,0,,,,,,"",""
ball,1,17.2,Colombo Cricket Club,P Rathnayake,PHKD Mendis,V Viyaskanth,1,0,,,,,,"",""
ball,1,17.3,Colombo Cricket Club,PHKD Mendis,P Rathnayake,V Viyaskanth,1,0,,,,,,"",""
ball,1,17.4,Colombo Cricket Club,P Rathnayake,PHKD Mendis,V Viyaskanth,1,0,,,,,,"",""
ball,1,17.5,Colombo Cricket Club,PHKD Mendis,P Rathnayake,V Viyaskanth,1,0,,,,,,"",""
ball,1,17.6,Colombo Cricket Club,P Rathnayake,PHKD Mendis,V Viyaskanth,0,0,,,,,,"",""
ball,1,18.1,Colombo Cricket Club,PHKD Mendis,P Rathnayake,V Thewmika,1,0,,,,,,"",""
ball,1,18.2,Colombo Cricket Club,P Rathnayake,PHKD Mendis,V Thewmika,0,0,,,,,,"",""
ball,1,18.3,Colombo Cricket Club,P Rathnayake,PHKD Mendis,V Thewmika,1,0,,,,,,"",""
ball,1,18.4,Colombo Cricket Club,PHKD Mendis,P Rathnayake,V Thewmika,1,0,,,,,,"",""
ball,1,18.5,Colombo Cricket Club,P Rathnayake,PHKD Mendis,V Thewmika,1,0,,,,,,"",""
ball,1,18.6,Colombo Cricket Club,PHKD Mendis,P Rathnayake,V Thewmika,0,0,,,,,,"",""
ball,1,19.1,Colombo Cricket Club,P Rathnayake,PHKD Mendis,V Viyaskanth,0,0,,,,,,"",""
ball,1,19.2,Colombo Cricket Club,P Rathnayake,PHKD Mendis,V Viyaskanth,1,0,,,,,,"",""
ball,1,19.3,Colombo Cricket Club,PHKD Mendis,P Rathnayake,V Viyaskanth,0,0,,,,,,caught,PHKD Mendis
ball,1,19.4,Colombo Cricket Club,GS Dinusha,P Rathnayake,V Viyaskanth,0,0,,,,,,"",""
ball,1,19.5,Colombo Cricket Club,GS Dinusha,P Rathnayake,V Viyaskanth,4,0,,,,,,"",""
ball,1,19.6,Colombo Cricket Club,GS Dinusha,P Rathnayake,V Viyaskanth,1,0,,,,,,"",""
ball,1,20.1,Colombo Cricket Club,GS Dinusha,P Rathnayake,V Thewmika,2,0,,,,,,"",""
ball,1,20.2,Colombo Cricket Club,GS Dinusha,P Rathnayake,V Thewmika,0,0,,,,,,"",""
ball,1,20.3,Colombo Cricket Club,GS Dinusha,P Rathnayake,V Thewmika,1,0,,,,,,"",""
ball,1,20.4,Colombo Cricket Club,P Rathnayake,GS Dinusha,V Thewmika,1,0,,,,,,"",""
ball,1,20.5,Colombo Cricket Club,GS Dinusha,P Rathnayake,V Thewmika,6,0,,,,,,"",""
ball,1,20.6,Colombo Cricket Club,GS Dinusha,P Rathnayake,V Thewmika,1,0,,,,,,"",""
ball,1,21.1,Colombo Cricket Club,GS Dinusha,P Rathnayake,V Viyaskanth,1,0,,,,,,"",""
ball,1,21.2,Colombo Cricket Club,P Rathnayake,GS Dinusha,V Viyaskanth,0,0,,,,,,"",""
ball,1,21.3,Colombo Cricket Club,P Rathnayake,GS Dinusha,V Viyaskanth,0,0,,,,,,"",""
ball,1,21.4,Colombo Cricket Club,P Rathnayake,GS Dinusha,V Viyaskanth,0,0,,,,,,"",""
ball,1,21.5,Colombo Cricket Club,P Rathnayake,GS Dinusha,V Viyaskanth,0,0,,,,,,"",""
ball,1,21.6,Colombo Cricket Club,P Rathnayake,GS Dinusha,V Viyaskanth,1,0,,,,,,"",""
ball,1,22.1,Colombo Cricket Club,P Rathnayake,GS Dinusha,V Thewmika,0,0,,,,,,"",""
ball,1,22.2,Colombo Cricket Club,P Rathnayake,GS Dinusha,V Thewmika,1,0,,,,,,"",""
ball,1,22.3,Colombo Cricket Club,GS Dinusha,P Rathnayake,V Thewmika,0,0,,,,,,"",""
ball,1,22.4,Colombo Cricket Club,GS Dinusha,P Rathnayake,V Thewmika,1,0,,,,,,"",""
ball,1,22.5,Colombo Cricket Club,P Rathnayake,GS Dinusha,V Thewmika,1,0,,,,,,"",""
ball,1,22.6,Colombo Cricket Club,GS Dinusha,P Rathnayake,V Thewmika,4,0,,,,,,"",""
ball,1,23.1,Colombo Cricket Club,P Rathnayake,GS Dinusha,V Viyaskanth,1,0,,,,,,"",""
ball,1,23.2,Colombo Cricket Club,GS Dinusha,P Rathnayake,V Viyaskanth,1,0,,,,,,"",""
ball,1,23.3,Colombo Cricket Club,P Rathnayake,GS Dinusha,V Viyaskanth,0,0,,,,,,"",""
ball,1,23.4,Colombo Cricket Club,P Rathnayake,GS Dinusha,V Viyaskanth,0,0,,,,,,"",""
ball,1,23.5,Colombo Cricket Club,P Rathnayake,GS Dinusha,V Viyaskanth,0,0,,,,,,"",""
ball,1,23.6,Colombo Cricket Club,P Rathnayake,GS Dinusha,V Viyaskanth,0,0,,,,,,"",""
ball,1,24.1,Colombo Cricket Club,GS Dinusha,P Rathnayake,KTH Ratnayake,1,0,,,,,,"",""
ball,1,24.2,Colombo Cricket Club,P Rathnayake,GS Dinusha,KTH Ratnayake,0,0,,,,,,"",""
ball,1,24.3,Colombo Cricket Club,P Rathnayake,GS Dinusha,KTH Ratnayake,0,0,,,,,,"",""
ball,1,24.4,Colombo Cricket Club,P Rathnayake,GS Dinusha,KTH Ratnayake,1,0,,,,,,"",""
ball,1,24.5,Colombo Cricket Club,GS Dinusha,P Rathnayake,KTH Ratnayake,0,0,,,,,,"",""
ball,1,24.6,Colombo Cricket Club,GS Dinusha,P Rathnayake,KTH Ratnayake,1,0,,,,,,"",""
ball,1,25.1,Colombo Cricket Club,GS Dinusha,P Rathnayake,T Vithushan,1,0,,,,,,"",""
ball,1,25.2,Colombo Cricket Club,P Rathnayake,GS Dinusha,T Vithushan,4,0,,,,,,"",""
ball,1,25.3,Colombo Cricket Club,P Rathnayake,GS Dinusha,T Vithushan,0,0,,,,,,"",""
ball,1,25.4,Colombo Cricket Club,P Rathnayake,GS Dinusha,T Vithushan,4,0,,,,,,"",""
ball,1,25.5,Colombo Cricket Club,P Rathnayake,GS Dinusha,T Vithushan,0,0,,,,,,"",""
ball,1,25.6,Colombo Cricket Club,P Rathnayake,GS Dinusha,T Vithushan,0,0,,,,,,"",""
ball,1,26.1,Colombo Cricket Club,GS Dinusha,P Rathnayake,KTH Ratnayake,0,0,,,,,,"",""
ball,1,26.2,Colombo Cricket Club,GS Dinusha,P Rathnayake,KTH Ratnayake,1,0,,,,,,"",""
ball,1,26.3,Colombo Cricket Club,P Rathnayake,GS Dinusha,KTH Ratnayake,0,0,,,,,,"",""
ball,1,26.4,Colombo Cricket Club,P Rathnayake,GS Dinusha,KTH Ratnayake,0,0,,,,,,"",""
ball,1,26.5,Colombo Cricket Club,P Rathnayake,GS Dinusha,KTH Ratnayake,0,0,,,,,,"",""
ball,1,26.6,Colombo Cricket Club,P Rathnayake,GS Dinusha,KTH Ratnayake,0,0,,,,,,"",""
ball,1,27.1,Colombo Cricket Club,GS Dinusha,P Rathnayake,T Vithushan,1,0,,,,,,"",""
ball,1,27.2,Colombo Cricket Club,P Rathnayake,GS Dinusha,T Vithushan,0,0,,,,,,"",""
ball,1,27.3,Colombo Cricket Club,P Rathnayake,GS Dinusha,T Vithushan,0,0,,,,,,"",""
ball,1,27.4,Colombo Cricket Club,P Rathnayake,GS Dinusha,T Vithushan,0,0,,,,,,"",""
ball,1,27.5,Colombo Cricket Club,P Rathnayake,GS Dinusha,T Vithushan,1,0,,,,,,"",""
ball,1,27.6,Colombo Cricket Club,GS Dinusha,P Rathnayake,T Vithushan,0,0,,,,,,"",""
ball,1,28.1,Colombo Cricket Club,P Rathnayake,GS Dinusha,KTH Ratnayake,0,0,,,,,,"",""
ball,1,28.2,Colombo Cricket Club,P Rathnayake,GS Dinusha,KTH Ratnayake,0,0,,,,,,"",""
ball,1,28.3,Colombo Cricket Club,P Rathnayake,GS Dinusha,KTH Ratnayake,2,0,,,,,,"",""
ball,1,28.4,Colombo Cricket Club,P Rathnayake,GS Dinusha,KTH Ratnayake,0,0,,,,,,"",""
ball,1,28.5,Colombo Cricket Club,P Rathnayake,GS Dinusha,KTH Ratnayake,1,0,,,,,,"",""
ball,1,28.6,Colombo Cricket Club,GS Dinusha,P Rathnayake,KTH Ratnayake,0,0,,,,,,"",""
ball,1,29.1,Colombo Cricket Club,P Rathnayake,GS Dinusha,S Jayathilake,0,0,,,,,,"",""
ball,1,29.2,Colombo Cricket Club,P Rathnayake,GS Dinusha,S Jayathilake,1,0,,,,,,"",""
ball,1,29.3,Colombo Cricket Club,GS Dinusha,P Rathnayake,S Jayathilake,1,0,,,,,,"",""
ball,1,29.4,Colombo Cricket Club,P Rathnayake,GS Dinusha,S Jayathilake,6,0,,,,,,"",""
ball,1,29.5,Colombo Cricket Club,P Rathnayake,GS Dinusha,S Jayathilake,1,0,,,,,,"",""
ball,1,29.6,Colombo Cricket Club,GS Dinusha,P Rathnayake,S Jayathilake,0,0,,,,,,"",""
ball,1,30.1,Colombo Cricket Club,P Rathnayake,GS Dinusha,KTH Ratnayake,0,0,,,,,,"",""
ball,1,30.2,Colombo Cricket Club,P Rathnayake,GS Dinusha,KTH Ratnayake,1,0,,,,,,"",""
ball,1,30.3,Colombo Cricket Club,GS Dinusha,P Rathnayake,KTH Ratnayake,1,0,,,,,,"",""
ball,1,30.4,Colombo Cricket Club,P Rathnayake,GS Dinusha,KTH Ratnayake,0,0,,,,,,"",""
ball,1,30.5,Colombo Cricket Club,P Rathnayake,GS Dinusha,KTH Ratnayake,4,0,,,,,,"",""
ball,1,30.6,Colombo Cricket Club,P Rathnayake,GS Dinusha,KTH Ratnayake,1,0,,,,,,"",""
ball,1,31.1,Colombo Cricket Club,P Rathnayake,GS Dinusha,S Jayathilake,0,0,,,,,,"",""
ball,1,31.2,Colombo Cricket Club,P Rathnayake,GS Dinusha,S Jayathilake,1,0,,,,,,"",""
ball,1,31.3,Colombo Cricket Club,GS Dinusha,P Rathnayake,S Jayathilake,1,0,,,,,,"",""
ball,1,31.4,Colombo Cricket Club,P Rathnayake,GS Dinusha,S Jayathilake,0,0,,,,,,"",""
ball,1,31.5,Colombo Cricket Club,P Rathnayake,GS Dinusha,S Jayathilake,0,0,,,,,,"",""
ball,1,31.6,Colombo Cricket Club,P Rathnayake,GS Dinusha,S Jayathilake,0,0,,,,,,"",""
ball,1,32.1,Colombo Cricket Club,GS Dinusha,P Rathnayake,V Thewmika,1,0,,,,,,"",""
ball,1,32.2,Colombo Cricket Club,P Rathnayake,GS Dinusha,V Thewmika,0,0,,,,,,"",""
ball,1,32.3,Colombo Cricket Club,P Rathnayake,GS Dinusha,V Thewmika,6,0,,,,,,"",""
ball,1,32.4,Colombo Cricket Club,P Rathnayake,GS Dinusha,V Thewmika,0,0,,,,,,"",""
ball,1,32.5,Colombo Cricket Club,P Rathnayake,GS Dinusha,V Thewmika,1,0,,,,,,"",""
ball,1,32.6,Colombo Cricket Club,GS Dinusha,P Rathnayake,V Thewmika,1,0,,,,,,"",""
ball,1,33.1,Colombo Cricket Club,GS Dinusha,P Rathnayake,S Jayathilake,0,0,,,,,,"",""
ball,1,33.2,Colombo Cricket Club,GS Dinusha,P Rathnayake,S Jayathilake,1,0,,,,,,"",""
ball,1,33.3,Colombo Cricket Club,P Rathnayake,GS Dinusha,S Jayathilake,1,0,,,,,,"",""
ball,1,33.4,Colombo Cricket Club,GS Dinusha,P Rathnayake,S Jayathilake,1,0,,,,,,"",""
ball,1,33.5,Colombo Cricket Club,P Rathnayake,GS Dinusha,S Jayathilake,1,0,,,,,,"",""
ball,1,33.6,Colombo Cricket Club,GS Dinusha,P Rathnayake,S Jayathilake,1,0,,,,,,"",""
ball,1,34.1,Colombo Cricket Club,GS Dinusha,P Rathnayake,V Thewmika,1,0,,,,,,"",""
ball,1,34.2,Colombo Cricket Club,P Rathnayake,GS Dinusha,V Thewmika,1,0,,,,,,"",""
ball,1,34.3,Colombo Cricket Club,GS Dinusha,P Rathnayake,V Thewmika,6,0,,,,,,"",""
ball,1,34.4,Colombo Cricket Club,GS Dinusha,P Rathnayake,V Thewmika,1,0,,,,,,"",""
ball,1,34.5,Colombo Cricket Club,P Rathnayake,GS Dinusha,V Thewmika,0,0,,,,,,caught,P Rathnayake
ball,1,34.6,Colombo Cricket Club,S Kosala,GS Dinusha,V Thewmika,0,0,,,,,,"",""
ball,1,35.1,Colombo Cricket Club,GS Dinusha,S Kosala,S Jayathilake,1,0,,,,,,"",""
ball,1,35.2,Colombo Cricket Club,S Kosala,GS Dinusha,S Jayathilake,0,0,,,,,,"",""
ball,1,35.3,Colombo Cricket Club,S Kosala,GS Dinusha,S Jayathilake,0,0,,,,,,"",""
ball,1,35.4,Colombo Cricket Club,S Kosala,GS Dinusha,S Jayathilake,0,0,,,,,,"",""
ball,1,35.5,Colombo Cricket Club,S Kosala,GS Dinusha,S Jayathilake,4,0,,,,,,"",""
ball,1,35.6,Colombo Cricket Club,S Kosala,GS Dinusha,S Jayathilake,1,0,,,,,,"",""
ball,1,36.1,Colombo Cricket Club,S Kosala,GS Dinusha,V Thewmika,0,0,,,,,,"",""
ball,1,36.2,Colombo Cricket Club,S Kosala,GS Dinusha,V Thewmika,4,0,,,,,,"",""
ball,1,36.3,Colombo Cricket Club,S Kosala,GS Dinusha,V Thewmika,0,0,,,,,,"",""
ball,1,36.4,Colombo Cricket Club,S Kosala,GS Dinusha,V Thewmika,0,0,,,,,,"",""
ball,1,36.5,Colombo Cricket Club,S Kosala,GS Dinusha,V Thewmika,0,0,,,,,,"",""
ball,1,36.6,Colombo Cricket Club,S Kosala,GS Dinusha,V Thewmika,0,0,,,,,,"",""
ball,1,37.1,Colombo Cricket Club,GS Dinusha,S Kosala,S Jayathilake,1,0,,,,,,"",""
ball,1,37.2,Colombo Cricket Club,S Kosala,GS Dinusha,S Jayathilake,0,0,,,,,,"",""
ball,1,37.3,Colombo Cricket Club,S Kosala,GS Dinusha,S Jayathilake,1,0,,,,,,"",""
ball,1,37.4,Colombo Cricket Club,GS Dinusha,S Kosala,S Jayathilake,1,0,,,,,,"",""
ball,1,37.5,Colombo Cricket Club,S Kosala,GS Dinusha,S Jayathilake,1,0,,,,,,"",""
ball,1,37.6,Colombo Cricket Club,GS Dinusha,S Kosala,S Jayathilake,2,0,,,,,,"",""
ball,1,38.1,Colombo Cricket Club,S Kosala,GS Dinusha,KTH Ratnayake,2,0,,,,,,"",""
ball,1,38.2,Colombo Cricket Club,S Kosala,GS Dinusha,KTH Ratnayake,0,0,,,,,,"",""
ball,1,38.3,Colombo Cricket Club,S Kosala,GS Dinusha,KTH Ratnayake,4,0,,,,,,"",""
ball,1,38.4,Colombo Cricket Club,S Kosala,GS Dinusha,KTH Ratnayake,1,0,,,,,,"",""
ball,1,38.5,Colombo Cricket Club,GS Dinusha,S Kosala,KTH Ratnayake,1,0,,,,,,"",""
ball,1,38.6,Colombo Cricket Club,S Kosala,GS Dinusha,KTH Ratnayake,0,0,,,,,,"",""
ball,1,39.1,Colombo Cricket Club,GS Dinusha,S Kosala,V Viyaskanth,2,0,,,,,,"",""
ball,1,39.2,Colombo Cricket Club,GS Dinusha,S Kosala,V Viyaskanth,0,0,,,,,,"",""
ball,1,39.3,Colombo Cricket Club,GS Dinusha,S Kosala,V Viyaskanth,0,0,,,,,,"",""
ball,1,39.4,Colombo Cricket Club,GS Dinusha,S Kosala,V Viyaskanth,1,0,,,,,,"",""
ball,1,39.5,Colombo Cricket Club,S Kosala,GS Dinusha,V Viyaskanth,1,0,,,,,,"",""
ball,1,39.6,Colombo Cricket Club,GS Dinusha,S Kosala,V Viyaskanth,1,0,,,,,,"",""
ball,1,40.1,Colombo Cricket Club,GS Dinusha,S Kosala,KTH Ratnayake,0,0,,,,,,"",""
ball,1,40.2,Colombo Cricket Club,GS Dinusha,S Kosala,KTH Ratnayake,0,0,,,,,,"",""
ball,1,40.3,Colombo Cricket Club,GS Dinusha,S Kosala,KTH Ratnayake,0,0,,,,,,"",""
ball,1,40.4,Colombo Cricket Club,GS Dinusha,S Kosala,KTH Ratnayake,2,0,,,,,,"",""
ball,1,40.5,Colombo Cricket Club,GS Dinusha,S Kosala,KTH Ratnayake,0,0,,,,,,"",""
ball,1,40.6,Colombo Cricket Club,GS Dinusha,S Kosala,KTH Ratnayake,1,0,,,,,,"",""
ball,1,41.1,Colombo Cricket Club,GS Dinusha,S Kosala,T Vithushan,1,0,,,,,,"",""
ball,1,41.2,Colombo Cricket Club,S Kosala,GS Dinusha,T Vithushan,4,0,,,,,,"",""
ball,1,41.3,Colombo Cricket Club,S Kosala,GS Dinusha,T Vithushan,0,0,,,,,,"",""
ball,1,41.4,Colombo Cricket Club,S Kosala,GS Dinusha,T Vithushan,1,0,,,,,,"",""
ball,1,41.5,Colombo Cricket Club,GS Dinusha,S Kosala,T Vithushan,2,0,,,,,,"",""
ball,1,41.6,Colombo Cricket Club,GS Dinusha,S Kosala,T Vithushan,4,0,,,,,,"",""
ball,1,42.1,Colombo Cricket Club,S Kosala,GS Dinusha,KTH Ratnayake,1,0,,,,,,"",""
ball,1,42.2,Colombo Cricket Club,GS Dinusha,S Kosala,KTH Ratnayake,0,1,,,,1,,"",""
ball,1,42.3,Colombo Cricket Club,S Kosala,GS Dinusha,KTH Ratnayake,2,0,,,,,,"",""
ball,1,42.4,Colombo Cricket Club,S Kosala,GS Dinusha,KTH Ratnayake,0,0,,,,,,"",""
ball,1,42.5,Colombo Cricket Club,S Kosala,GS Dinusha,KTH Ratnayake,4,0,,,,,,"",""
ball,1,42.6,Colombo Cricket Club,S Kosala,GS Dinusha,KTH Ratnayake,2,0,,,,,,"",""
ball,1,43.1,Colombo Cricket Club,GS Dinusha,S Kosala,T Vithushan,1,0,,,,,,"",""
ball,1,43.2,Colombo Cricket Club,S Kosala,GS Dinusha,T Vithushan,4,0,,,,,,"",""
ball,1,43.3,Colombo Cricket Club,S Kosala,GS Dinusha,T Vithushan,0,0,,,,,,"",""
ball,1,43.4,Colombo Cricket Club,S Kosala,GS Dinusha,T Vithushan,0,0,,,,,,"",""
ball,1,43.5,Colombo Cricket Club,S Kosala,GS Dinusha,T Vithushan,1,0,,,,,,"",""
ball,1,43.6,Colombo Cricket Club,GS Dinusha,S Kosala,T Vithushan,1,0,,,,,,"",""
ball,1,44.1,Colombo Cricket Club,GS Dinusha,S Kosala,KTH Ratnayake,0,0,,,,,,"",""
ball,1,44.2,Colombo Cricket Club,GS Dinusha,S Kosala,KTH Ratnayake,1,0,,,,,,"",""
ball,1,44.3,Colombo Cricket Club,S Kosala,GS Dinusha,KTH Ratnayake,0,0,,,,,,"",""
ball,1,44.4,Colombo Cricket Club,S Kosala,GS Dinusha,KTH Ratnayake,4,0,,,,,,"",""
ball,1,44.5,Colombo Cricket Club,S Kosala,GS Dinusha,KTH Ratnayake,0,0,,,,,,"",""
ball,1,44.6,Colombo Cricket Club,S Kosala,GS Dinusha,KTH Ratnayake,4,0,,,,,,"",""
ball,1,45.1,Colombo Cricket Club,GS Dinusha,S Kosala,V Viyaskanth,1,0,,,,,,"",""
ball,1,45.2,Colombo Cricket Club,S Kosala,GS Dinusha,V Viyaskanth,2,0,,,,,,"",""
ball,1,45.3,Colombo Cricket Club,S Kosala,GS Dinusha,V Viyaskanth,0,0,,,,,,bowled,S Kosala
ball,1,45.4,Colombo Cricket Club,C Wijesinghe,GS Dinusha,V Viyaskanth,1,0,,,,,,"",""
ball,1,45.5,Colombo Cricket Club,GS Dinusha,C Wijesinghe,V Viyaskanth,2,0,,,,,,"",""
ball,1,45.6,Colombo Cricket Club,GS Dinusha,C Wijesinghe,V Viyaskanth,1,0,,,,,,"",""
ball,1,46.1,Colombo Cricket Club,GS Dinusha,C Wijesinghe,SMLD Samarakoon,1,0,,,,,,"",""
ball,1,46.2,Colombo Cricket Club,C Wijesinghe,GS Dinusha,SMLD Samarakoon,2,0,,,,,,"",""
ball,1,46.3,Colombo Cricket Club,C Wijesinghe,GS Dinusha,SMLD Samarakoon,2,0,,,,,,"",""
ball,1,46.4,Colombo Cricket Club,C Wijesinghe,GS Dinusha,SMLD Samarakoon,0,0,,,,,,"",""
ball,1,46.5,Colombo Cricket Club,C Wijesinghe,GS Dinusha,SMLD Samarakoon,2,0,,,,,,"",""
ball,1,46.6,Colombo Cricket Club,C Wijesinghe,GS Dinusha,SMLD Samarakoon,0,5,5,,,,,"",""
ball,1,46.7,Colombo Cricket Club,C Wijesinghe,GS Dinusha,SMLD Samarakoon,2,0,,,,,,"",""
ball,1,47.1,Colombo Cricket Club,GS Dinusha,C Wijesinghe,V Viyaskanth,1,0,,,,,,"",""
ball,1,47.2,Colombo Cricket Club,C Wijesinghe,GS Dinusha,V Viyaskanth,0,0,,,,,,caught,C Wijesinghe
ball,1,47.3,Colombo Cricket Club,KN Peiris,GS Dinusha,V Viyaskanth,1,0,,,,,,"",""
ball,1,47.4,Colombo Cricket Club,GS Dinusha,KN Peiris,V Viyaskanth,4,0,,,,,,"",""
ball,1,47.5,Colombo Cricket Club,GS Dinusha,KN Peiris,V Viyaskanth,1,0,,,,,,"",""
ball,1,47.6,Colombo Cricket Club,KN Peiris,GS Dinusha,V Viyaskanth,1,0,,,,,,"",""
ball,1,48.1,Colombo Cricket Club,KN Peiris,GS Dinusha,SMLD Samarakoon,0,0,,,,,,"",""
ball,1,48.2,Colombo Cricket Club,KN Peiris,GS Dinusha,SMLD Samarakoon,2,0,,,,,,"",""
ball,1,48.3,Colombo Cricket Club,KN Peiris,GS Dinusha,SMLD Samarakoon,1,0,,,,,,"",""
ball,1,48.4,Colombo Cricket Club,GS Dinusha,KN Peiris,SMLD Samarakoon,1,0,,,,,,"",""
ball,1,48.5,Colombo Cricket Club,KN Peiris,GS Dinusha,SMLD Samarakoon,1,0,,,,,,"",""
ball,1,48.6,Colombo Cricket Club,GS Dinusha,KN Peiris,SMLD Samarakoon,0,0,,,,,,"",""
ball,1,49.1,Colombo Cricket Club,KN Peiris,GS Dinusha,S Jayathilake,1,0,,,,,,"",""
ball,1,49.2,Colombo Cricket Club,GS Dinusha,KN Peiris,S Jayathilake,2,0,,,,,,"",""
ball,1,49.3,Colombo Cricket Club,GS Dinusha,KN Peiris,S Jayathilake,0,0,,,,,,"",""
ball,1,49.4,Colombo Cricket Club,GS Dinusha,KN Peiris,S Jayathilake,2,0,,,,,,"",""
ball,1,49.5,Colombo Cricket Club,GS Dinusha,KN Peiris,S Jayathilake,1,5,,,,,5,"",""
ball,1,49.6,Colombo Cricket Club,KN Peiris,GS Dinusha,S Jayathilake,0,1,1,,,,,"",""
ball,1,49.7,Colombo Cricket Club,KN Peiris,GS Dinusha,S Jayathilake,0,1,1,,,,,"",""
ball,1,49.8,Colombo Cricket Club,KN Peiris,GS Dinusha,S Jayathilake,6,0,,,,,,"",""
ball,1,49.9,Colombo Cricket Club,KN Peiris,GS Dinusha,S Jayathilake,1,0,,,,,,"",""
ball,2,0.1,Tamil Union Cricket and Athletic Club,S Hapuhinna,Sineth Jayawardena,N Thushara,0,0,,,,,,"",""
ball,2,0.2,Tamil Union Cricket and Athletic Club,S Hapuhinna,Sineth Jayawardena,N Thushara,0,0,,,,,,"",""
ball,2,0.3,Tamil Union Cricket and Athletic Club,S Hapuhinna,Sineth Jayawardena,N Thushara,0,0,,,,,,"",""
ball,2,0.4,Tamil Union Cricket and Athletic Club,S Hapuhinna,Sineth Jayawardena,N Thushara,0,0,,,,,,"",""
ball,2,0.5,Tamil Union Cricket and Athletic Club,S Hapuhinna,Sineth Jayawardena,N Thushara,0,0,,,,,,"",""
ball,2,0.6,Tamil Union Cricket and Athletic Club,S Hapuhinna,Sineth Jayawardena,N Thushara,0,0,,,,,,"",""
ball,2,1.1,Tamil Union Cricket and Athletic Club,Sineth Jayawardena,S Hapuhinna,MVT Fernando,0,0,,,,,,"",""
ball,2,1.2,Tamil Union Cricket and Athletic Club,Sineth Jayawardena,S Hapuhinna,MVT Fernando,0,0,,,,,,"",""
ball,2,1.3,Tamil Union Cricket and Athletic Club,Sineth Jayawardena,S Hapuhinna,MVT Fernando,1,0,,,,,,"",""
ball,2,1.4,Tamil Union Cricket and Athletic Club,S Hapuhinna,Sineth Jayawardena,MVT Fernando,1,0,,,,,,"",""
ball,2,1.5,Tamil Union Cricket and Athletic Club,Sineth Jayawardena,S Hapuhinna,MVT Fernando,0,0,,,,,,"",""
ball,2,1.6,Tamil Union Cricket and Athletic Club,Sineth Jayawardena,S Hapuhinna,MVT Fernando,4,0,,,,,,"",""
ball,2,2.1,Tamil Union Cricket and Athletic Club,S Hapuhinna,Sineth Jayawardena,N Thushara,4,0,,,,,,"",""
ball,2,2.2,Tamil Union Cricket and Athletic Club,S Hapuhinna,Sineth Jayawardena,N Thushara,6,0,,,,,,"",""
ball,2,2.3,Tamil Union Cricket and Athletic Club,S Hapuhinna,Sineth Jayawardena,N Thushara,1,0,,,,,,"",""
ball,2,2.4,Tamil Union Cricket and Athletic Club,Sineth Jayawardena,S Hapuhinna,N Thushara,0,0,,,,,,"",""
ball,2,2.5,Tamil Union Cricket and Athletic Club,Sineth Jayawardena,S Hapuhinna,N Thushara,0,0,,,,,,"",""
ball,2,2.6,Tamil Union Cricket and Athletic Club,Sineth Jayawardena,S Hapuhinna,N Thushara,0,1,,,,1,,"",""
ball,2,3.1,Tamil Union Cricket and Athletic Club,Sineth Jayawardena,S Hapuhinna,MVT Fernando,4,0,,,,,,"",""
ball,2,3.2,Tamil Union Cricket and Athletic Club,Sineth Jayawardena,S Hapuhinna,MVT Fernando,4,0,,,,,,"",""
ball,2,3.3,Tamil Union Cricket and Athletic Club,Sineth Jayawardena,S Hapuhinna,MVT Fernando,6,0,,,,,,"",""
ball,2,3.4,Tamil Union Cricket and Athletic Club,Sineth Jayawardena,S Hapuhinna,MVT Fernando,0,0,,,,,,"",""
ball,2,3.5,Tamil Union Cricket and Athletic Club,Sineth Jayawardena,S Hapuhinna,MVT Fernando,0,1,1,,,,,"",""
ball,2,3.6,Tamil Union Cricket and Athletic Club,Sineth Jayawardena,S Hapuhinna,MVT Fernando,0,0,,,,,,caught,Sineth Jayawardena
ball,2,3.7,Tamil Union Cricket and Athletic Club,M Bhanuka,S Hapuhinna,MVT Fernando,0,1,1,,,,,"",""
ball,2,3.8,Tamil Union Cricket and Athletic Club,M Bhanuka,S Hapuhinna,MVT Fernando,0,0,,,,,,caught,M Bhanuka
ball,2,4.1,Tamil Union Cricket and Athletic Club,S Hapuhinna,S Shanmuganathan,N Thushara,0,1,1,,,,,"",""
ball,2,4.2,Tamil Union Cricket and Athletic Club,S Hapuhinna,S Shanmuganathan,N Thushara,4,0,,,,,,"",""
ball,2,4.3,Tamil Union Cricket and Athletic Club,S Hapuhinna,S Shanmuganathan,N Thushara,0,0,,,,,,"",""
ball,2,4.4,Tamil Union Cricket and Athletic Club,S Hapuhinna,S Shanmuganathan,N Thushara,4,0,,,,,,"",""
ball,2,4.5,Tamil Union Cricket and Athletic Club,S Hapuhinna,S Shanmuganathan,N Thushara,0,0,,,,,,"",""
ball,2,4.6,Tamil Union Cricket and Athletic Club,S Hapuhinna,S Shanmuganathan,N Thushara,0,0,,,,,,"",""
ball,2,4.7,Tamil Union Cricket and Athletic Club,S Hapuhinna,S Shanmuganathan,N Thushara,4,0,,,,,,"",""
ball,2,5.1,Tamil Union Cricket and Athletic Club,S Shanmuganathan,S Hapuhinna,MVT Fernando,4,0,,,,,,"",""
ball,2,5.2,Tamil Union Cricket and Athletic Club,S Shanmuganathan,S Hapuhinna,MVT Fernando,1,0,,,,,,"",""
ball,2,5.3,Tamil Union Cricket and Athletic Club,S Hapuhinna,S Shanmuganathan,MVT Fernando,1,0,,,,,,"",""
ball,2,5.4,Tamil Union Cricket and Athletic Club,S Shanmuganathan,S Hapuhinna,MVT Fernando,1,0,,,,,,"",""
ball,2,5.5,Tamil Union Cricket and Athletic Club,S Hapuhinna,S Shanmuganathan,MVT Fernando,0,0,,,,,,"",""
ball,2,5.6,Tamil Union Cricket and Athletic Club,S Hapuhinna,S Shanmuganathan,MVT Fernando,1,0,,,,,,"",""
ball,2,6.1,Tamil Union Cricket and Athletic Club,S Hapuhinna,S Shanmuganathan,DM de Silva,0,0,,,,,,"",""
ball,2,6.2,Tamil Union Cricket and Athletic Club,S Hapuhinna,S Shanmuganathan,DM de Silva,0,0,,,,,,"",""
ball,2,6.3,Tamil Union Cricket and Athletic Club,S Hapuhinna,S Shanmuganathan,DM de Silva,1,0,,,,,,"",""
ball,2,6.4,Tamil Union Cricket and Athletic Club,S Shanmuganathan,S Hapuhinna,DM de Silva,0,0,,,,,,"",""
ball,2,6.5,Tamil Union Cricket and Athletic Club,S Shanmuganathan,S Hapuhinna,DM de Silva,0,0,,,,,,"",""
ball,2,6.6,Tamil Union Cricket and Athletic Club,S Shanmuganathan,S Hapuhinna,DM de Silva,4,0,,,,,,"",""
ball,2,7.1,Tamil Union Cricket and Athletic Club,S Hapuhinna,S Shanmuganathan,MVT Fernando,1,0,,,,,,"",""
ball,2,7.2,Tamil Union Cricket and Athletic Club,S Shanmuganathan,S Hapuhinna,MVT Fernando,0,0,,,,,,"",""
ball,2,7.3,Tamil Union Cricket and Athletic Club,S Shanmuganathan,S Hapuhinna,MVT Fernando,0,0,,,,,,"",""
ball,2,7.4,Tamil Union Cricket and Athletic Club,S Shanmuganathan,S Hapuhinna,MVT Fernando,1,0,,,,,,"",""
ball,2,7.5,Tamil Union Cricket and Athletic Club,S Hapuhinna,S Shanmuganathan,MVT Fernando,1,0,,,,,,"",""
ball,2,7.6,Tamil Union Cricket and Athletic Club,S Shanmuganathan,S Hapuhinna,MVT Fernando,1,0,,,,,,"",""
ball,2,8.1,Tamil Union Cricket and Athletic Club,S Shanmuganathan,S Hapuhinna,DM de Silva,1,0,,,,,,"",""
ball,2,8.2,Tamil Union Cricket and Athletic Club,S Hapuhinna,S Shanmuganathan,DM de Silva,0,0,,,,,,"",""
ball,2,8.3,Tamil Union Cricket and Athletic Club,S Hapuhinna,S Shanmuganathan,DM de Silva,0,0,,,,,,"",""
ball,2,8.4,Tamil Union Cricket and Athletic Club,S Hapuhinna,S Shanmuganathan,DM de Silva,0,0,,,,,,"",""
ball,2,8.5,Tamil Union Cricket and Athletic Club,S Hapuhinna,S Shanmuganathan,DM de Silva,0,0,,,,,,"",""
ball,2,8.6,Tamil Union Cricket and Athletic Club,S Hapuhinna,S Shanmuganathan,DM de Silva,0,0,,,,,,"",""
ball,2,9.1,Tamil Union Cricket and Athletic Club,S Shanmuganathan,S Hapuhinna,MVT Fernando,0,0,,,,,,"",""
ball,2,9.2,Tamil Union Cricket and Athletic Club,S Shanmuganathan,S Hapuhinna,MVT Fernando,4,0,,,,,,"",""
ball,2,9.3,Tamil Union Cricket and Athletic Club,S Shanmuganathan,S Hapuhinna,MVT Fernando,1,0,,,,,,"",""
ball,2,9.4,Tamil Union Cricket and Athletic Club,S Hapuhinna,S Shanmuganathan,MVT Fernando,0,0,,,,,,"",""
ball,2,9.5,Tamil Union Cricket and Athletic Club,S Hapuhinna,S Shanmuganathan,MVT Fernando,1,0,,,,,,"",""
ball,2,9.6,Tamil Union Cricket and Athletic Club,S Shanmuganathan,S Hapuhinna,MVT Fernando,0,0,,,,,,"",""
ball,2,10.1,Tamil Union Cricket and Athletic Club,S Hapuhinna,S Shanmuganathan,DM de Silva,0,0,,,,,,"",""
ball,2,10.2,Tamil Union Cricket and Athletic Club,S Hapuhinna,S Shanmuganathan,DM de Silva,1,0,,,,,,"",""
ball,2,10.3,Tamil Union Cricket and Athletic Club,S Shanmuganathan,S Hapuhinna,DM de Silva,1,0,,,,,,"",""
ball,2,10.4,Tamil Union Cricket and Athletic Club,S Hapuhinna,S Shanmuganathan,DM de Silva,0,0,,,,,,"",""
ball,2,10.5,Tamil Union Cricket and Athletic Club,S Hapuhinna,S Shanmuganathan,DM de Silva,1,0,,,,,,"",""
ball,2,10.6,Tamil Union Cricket and Athletic Club,S Shanmuganathan,S Hapuhinna,DM de Silva,1,0,,,,,,"",""
ball,2,11.1,Tamil Union Cricket and Athletic Club,S Shanmuganathan,S Hapuhinna,KN Peiris,1,0,,,,,,"",""
ball,2,11.2,Tamil Union Cricket and Athletic Club,S Hapuhinna,S Shanmuganathan,KN Peiris,0,0,,,,,,"",""
ball,2,11.3,Tamil Union Cricket and Athletic Club,S Hapuhinna,S Shanmuganathan,KN Peiris,0,0,,,,,,"",""
ball,2,11.4,Tamil Union Cricket and Athletic Club,S Hapuhinna,S Shanmuganathan,KN Peiris,1,0,,,,,,"",""
ball,2,11.5,Tamil Union Cricket and Athletic Club,S Shanmuganathan,S Hapuhinna,KN Peiris,1,0,,,,,,"",""
ball,2,11.6,Tamil Union Cricket and Athletic Club,S Hapuhinna,S Shanmuganathan,KN Peiris,0,0,,,,,,"",""
ball,2,12.1,Tamil Union Cricket and Athletic Club,S Shanmuganathan,S Hapuhinna,DM de Silva,0,0,,,,,,"",""
ball,2,12.2,Tamil Union Cricket and Athletic Club,S Shanmuganathan,S Hapuhinna,DM de Silva,0,0,,,,,,"",""
ball,2,12.3,Tamil Union Cricket and Athletic Club,S Shanmuganathan,S Hapuhinna,DM de Silva,1,0,,,,,,"",""
ball,2,12.4,Tamil Union Cricket and Athletic Club,S Hapuhinna,S Shanmuganathan,DM de Silva,1,0,,,,,,"",""
ball,2,12.5,Tamil Union Cricket and Athletic Club,S Shanmuganathan,S Hapuhinna,DM de Silva,1,0,,,,,,"",""
ball,2,12.6,Tamil Union Cricket and Athletic Club,S Hapuhinna,S Shanmuganathan,DM de Silva,0,0,,,,,,"",""
ball,2,13.1,Tamil Union Cricket and Athletic Club,S Shanmuganathan,S Hapuhinna,KN Peiris,1,0,,,,,,"",""
ball,2,13.2,Tamil Union Cricket and Athletic Club,S Hapuhinna,S Shanmuganathan,KN Peiris,1,0,,,,,,"",""
ball,2,13.3,Tamil Union Cricket and Athletic Club,S Shanmuganathan,S Hapuhinna,KN Peiris,1,0,,,,,,"",""
ball,2,13.4,Tamil Union Cricket and Athletic Club,S Hapuhinna,S Shanmuganathan,KN Peiris,0,0,,,,,,"",""
ball,2,13.5,Tamil Union Cricket and Athletic Club,S Hapuhinna,S Shanmuganathan,KN Peiris,0,0,,,,,,"",""
ball,2,13.6,Tamil Union Cricket and Athletic Club,S Hapuhinna,S Shanmuganathan,KN Peiris,0,0,,,,,,"",""
ball,2,14.1,Tamil Union Cricket and Athletic Club,S Shanmuganathan,S Hapuhinna,DM de Silva,0,0,,,,,,"",""
ball,2,14.2,Tamil Union Cricket and Athletic Club,S Shanmuganathan,S Hapuhinna,DM de Silva,4,0,,,,,,"",""
ball,2,14.3,Tamil Union Cricket and Athletic Club,S Shanmuganathan,S Hapuhinna,DM de Silva,1,0,,,,,,"",""
ball,2,14.4,Tamil Union Cricket and Athletic Club,S Hapuhinna,S Shanmuganathan,DM de Silva,4,0,,,,,,"",""
ball,2,14.5,Tamil Union Cricket and Athletic Club,S Hapuhinna,S Shanmuganathan,DM de Silva,1,0,,,,,,"",""
ball,2,14.6,Tamil Union Cricket and Athletic Club,S Shanmuganathan,S Hapuhinna,DM de Silva,0,0,,,,,,"",""
ball,2,15.1,Tamil Union Cricket and Athletic Club,S Hapuhinna,S Shanmuganathan,GS Dinusha,0,0,,,,,,"",""
ball,2,15.2,Tamil Union Cricket and Athletic Club,S Hapuhinna,S Shanmuganathan,GS Dinusha,0,0,,,,,,"",""
ball,2,15.3,Tamil Union Cricket and Athletic Club,S Hapuhinna,S Shanmuganathan,GS Dinusha,0,0,,,,,,"",""
ball,2,15.4,Tamil Union Cricket and Athletic Club,S Hapuhinna,S Shanmuganathan,GS Dinusha,0,0,,,,,,"",""
ball,2,15.5,Tamil Union Cricket and Athletic Club,S Hapuhinna,S Shanmuganathan,GS Dinusha,1,0,,,,,,"",""
ball,2,15.6,Tamil Union Cricket and Athletic Club,S Shanmuganathan,S Hapuhinna,GS Dinusha,1,0,,,,,,"",""
ball,2,16.1,Tamil Union Cricket and Athletic Club,S Shanmuganathan,S Hapuhinna,KN Peiris,1,0,,,,,,"",""
ball,2,16.2,Tamil Union Cricket and Athletic Club,S Hapuhinna,S Shanmuganathan,KN Peiris,1,0,,,,,,"",""
ball,2,16.3,Tamil Union Cricket and Athletic Club,S Shanmuganathan,S Hapuhinna,KN Peiris,1,0,,,,,,"",""
ball,2,16.4,Tamil Union Cricket and Athletic Club,S Hapuhinna,S Shanmuganathan,KN Peiris,1,0,,,,,,"",""
ball,2,16.5,Tamil Union Cricket and Athletic Club,S Shanmuganathan,S Hapuhinna,KN Peiris,0,0,,,,,,"",""
ball,2,16.6,Tamil Union Cricket and Athletic Club,S Shanmuganathan,S Hapuhinna,KN Peiris,2,0,,,,,,"",""
ball,2,17.1,Tamil Union Cricket and Athletic Club,S Hapuhinna,S Shanmuganathan,GS Dinusha,1,0,,,,,,"",""
ball,2,17.2,Tamil Union Cricket and Athletic Club,S Shanmuganathan,S Hapuhinna,GS Dinusha,1,0,,,,,,"",""
ball,2,17.3,Tamil Union Cricket and Athletic Club,S Hapuhinna,S Shanmuganathan,GS Dinusha,0,0,,,,,,"",""
ball,2,17.4,Tamil Union Cricket and Athletic Club,S Hapuhinna,S Shanmuganathan,GS Dinusha,1,0,,,,,,"",""
ball,2,17.5,Tamil Union Cricket and Athletic Club,S Shanmuganathan,S Hapuhinna,GS Dinusha,0,0,,,,,,"",""
ball,2,17.6,Tamil Union Cricket and Athletic Club,S Shanmuganathan,S Hapuhinna,GS Dinusha,1,0,,,,,,"",""
ball,2,18.1,Tamil Union Cricket and Athletic Club,S Shanmuganathan,S Hapuhinna,KN Peiris,0,0,,,,,,"",""
ball,2,18.2,Tamil Union Cricket and Athletic Club,S Shanmuganathan,S Hapuhinna,KN Peiris,1,0,,,,,,"",""
ball,2,18.3,Tamil Union Cricket and Athletic Club,S Hapuhinna,S Shanmuganathan,KN Peiris,0,0,,,,,,"",""
ball,2,18.4,Tamil Union Cricket and Athletic Club,S Hapuhinna,S Shanmuganathan,KN Peiris,1,0,,,,,,"",""
ball,2,18.5,Tamil Union Cricket and Athletic Club,S Shanmuganathan,S Hapuhinna,KN Peiris,1,0,,,,,,"",""
ball,2,18.6,Tamil Union Cricket and Athletic Club,S Hapuhinna,S Shanmuganathan,KN Peiris,4,0,,,,,,"",""
ball,2,19.1,Tamil Union Cricket and Athletic Club,S Shanmuganathan,S Hapuhinna,C Wijesinghe,4,0,,,,,,"",""
ball,2,19.2,Tamil Union Cricket and Athletic Club,S Shanmuganathan,S Hapuhinna,C Wijesinghe,1,0,,,,,,"",""
ball,2,19.3,Tamil Union Cricket and Athletic Club,S Hapuhinna,S Shanmuganathan,C Wijesinghe,1,0,,,,,,"",""
ball,2,19.4,Tamil Union Cricket and Athletic Club,S Shanmuganathan,S Hapuhinna,C Wijesinghe,1,0,,,,,,"",""
ball,2,19.5,Tamil Union Cricket and Athletic Club,S Hapuhinna,S Shanmuganathan,C Wijesinghe,0,1,1,,,,,"",""
ball,2,19.6,Tamil Union Cricket and Athletic Club,S Hapuhinna,S Shanmuganathan,C Wijesinghe,0,0,,,,,,"",""
ball,2,19.7,Tamil Union Cricket and Athletic Club,S Hapuhinna,S Shanmuganathan,C Wijesinghe,0,0,,,,,,"",""
ball,2,20.1,Tamil Union Cricket and Athletic Club,S Shanmuganathan,S Hapuhinna,KN Peiris,1,0,,,,,,"",""
ball,2,20.2,Tamil Union Cricket and Athletic Club,S Hapuhinna,S Shanmuganathan,KN Peiris,6,0,,,,,,"",""
ball,2,20.3,Tamil Union Cricket and Athletic Club,S Hapuhinna,S Shanmuganathan,KN Peiris,6,0,,,,,,"",""
ball,2,20.4,Tamil Union Cricket and Athletic Club,S Hapuhinna,S Shanmuganathan,KN Peiris,0,0,,,,,,"",""
ball,2,20.5,Tamil Union Cricket and Athletic Club,S Hapuhinna,S Shanmuganathan,KN Peiris,1,0,,,,,,"",""
ball,2,20.6,Tamil Union Cricket and Athletic Club,S Shanmuganathan,S Hapuhinna,KN Peiris,0,0,,,,,,"",""
ball,2,21.1,Tamil Union Cricket and Athletic Club,S Hapuhinna,S Shanmuganathan,C Wijesinghe,1,0,,,,,,"",""
ball,2,21.2,Tamil Union Cricket and Athletic Club,S Shanmuganathan,S Hapuhinna,C Wijesinghe,2,0,,,,,,"",""
ball,2,21.3,Tamil Union Cricket and Athletic Club,S Shanmuganathan,S Hapuhinna,C Wijesinghe,0,0,,,,,,"",""
ball,2,21.4,Tamil Union Cricket and Athletic Club,S Shanmuganathan,S Hapuhinna,C Wijesinghe,1,0,,,,,,"",""
ball,2,21.5,Tamil Union Cricket and Athletic Club,S Hapuhinna,S Shanmuganathan,C Wijesinghe,4,0,,,,,,"",""
ball,2,21.6,Tamil Union Cricket and Athletic Club,S Hapuhinna,S Shanmuganathan,C Wijesinghe,1,0,,,,,,"",""
ball,2,22.1,Tamil Union Cricket and Athletic Club,S Hapuhinna,S Shanmuganathan,PHKD Mendis,1,0,,,,,,"",""
ball,2,22.2,Tamil Union Cricket and Athletic Club,S Shanmuganathan,S Hapuhinna,PHKD Mendis,1,0,,,,,,"",""
ball,2,22.3,Tamil Union Cricket and Athletic Club,S Hapuhinna,S Shanmuganathan,PHKD Mendis,0,0,,,,,,"",""
ball,2,22.4,Tamil Union Cricket and Athletic Club,S Hapuhinna,S Shanmuganathan,PHKD Mendis,1,0,,,,,,"",""
ball,2,22.5,Tamil Union Cricket and Athletic Club,S Shanmuganathan,S Hapuhinna,PHKD Mendis,0,0,,,,,,"",""
ball,2,22.6,Tamil Union Cricket and Athletic Club,S Shanmuganathan,S Hapuhinna,PHKD Mendis,0,0,,,,,,"",""
ball,2,23.1,Tamil Union Cricket and Athletic Club,S Hapuhinna,S Shanmuganathan,C Wijesinghe,4,0,,,,,,"",""
ball,2,23.2,Tamil Union Cricket and Athletic Club,S Hapuhinna,S Shanmuganathan,C Wijesinghe,0,0,,,,,,caught,S Hapuhinna
ball,2,23.3,Tamil Union Cricket and Athletic Club,V Thewmika,S Shanmuganathan,C Wijesinghe,0,0,,,,,,"",""
ball,2,23.4,Tamil Union Cricket and Athletic Club,V Thewmika,S Shanmuganathan,C Wijesinghe,0,0,,,,,,"",""
ball,2,23.5,Tamil Union Cricket and Athletic Club,V Thewmika,S Shanmuganathan,C Wijesinghe,1,0,,,,,,"",""
ball,2,23.6,Tamil Union Cricket and Athletic Club,S Shanmuganathan,V Thewmika,C Wijesinghe,0,0,,,,,,"",""
ball,2,24.1,Tamil Union Cricket and Athletic Club,V Thewmika,S Shanmuganathan,PHKD Mendis,0,1,1,,,,,"",""
ball,2,24.2,Tamil Union Cricket and Athletic Club,V Thewmika,S Shanmuganathan,PHKD Mendis,1,0,,,,,,"",""
ball,2,24.3,Tamil Union Cricket and Athletic Club,S Shanmuganathan,V Thewmika,PHKD Mendis,1,0,,,,,,"",""
ball,2,24.4,Tamil Union Cricket and Athletic Club,V Thewmika,S Shanmuganathan,PHKD Mendis,1,0,,,,,,"",""
ball,2,24.5,Tamil Union Cricket and Athletic Club,S Shanmuganathan,V Thewmika,PHKD Mendis,0,0,,,,,,"",""
ball,2,24.6,Tamil Union Cricket and Athletic Club,S Shanmuganathan,V Thewmika,PHKD Mendis,1,0,,,,,,"",""
ball,2,24.7,Tamil Union Cricket and Athletic Club,V Thewmika,S Shanmuganathan,PHKD Mendis,1,0,,,,,,"",""
ball,2,25.1,Tamil Union Cricket and Athletic Club,V Thewmika,S Shanmuganathan,C Wijesinghe,0,1,,,,1,,"",""
ball,2,25.2,Tamil Union Cricket and Athletic Club,S Shanmuganathan,V Thewmika,C Wijesinghe,1,0,,,,,,"",""
ball,2,25.3,Tamil Union Cricket and Athletic Club,V Thewmika,S Shanmuganathan,C Wijesinghe,0,0,,,,,,"",""
ball,2,25.4,Tamil Union Cricket and Athletic Club,V Thewmika,S Shanmuganathan,C Wijesinghe,0,0,,,,,,"",""
ball,2,25.5,Tamil Union Cricket and Athletic Club,V Thewmika,S Shanmuganathan,C Wijesinghe,1,0,,,,,,"",""
ball,2,25.6,Tamil Union Cricket and Athletic Club,S Shanmuganathan,V Thewmika,C Wijesinghe,1,0,,,,,,"",""
ball,2,26.1,Tamil Union Cricket and Athletic Club,S Shanmuganathan,V Thewmika,PHKD Mendis,1,0,,,,,,"",""
ball,2,26.2,Tamil Union Cricket and Athletic Club,V Thewmika,S Shanmuganathan,PHKD Mendis,0,0,,,,,,"",""
ball,2,26.3,Tamil Union Cricket and Athletic Club,V Thewmika,S Shanmuganathan,PHKD Mendis,1,0,,,,,,"",""
ball,2,26.4,Tamil Union Cricket and Athletic Club,S Shanmuganathan,V Thewmika,PHKD Mendis,0,0,,,,,,caught,S Shanmuganathan
ball,2,26.5,Tamil Union Cricket and Athletic Club,PBB Rajapaksa,V Thewmika,PHKD Mendis,0,0,,,,,,"",""
ball,2,26.6,Tamil Union Cricket and Athletic Club,PBB Rajapaksa,V Thewmika,PHKD Mendis,0,0,,,,,,"",""
ball,2,27.1,Tamil Union Cricket and Athletic Club,V Thewmika,PBB Rajapaksa,C Wijesinghe,1,0,,,,,,"",""
ball,2,27.2,Tamil Union Cricket and Athletic Club,PBB Rajapaksa,V Thewmika,C Wijesinghe,1,0,,,,,,"",""
ball,2,27.3,Tamil Union Cricket and Athletic Club,V Thewmika,PBB Rajapaksa,C Wijesinghe,4,0,,,,,,"",""
ball,2,27.4,Tamil Union Cricket and Athletic Club,V Thewmika,PBB Rajapaksa,C Wijesinghe,2,0,,,,,,"",""
ball,2,27.5,Tamil Union Cricket and Athletic Club,V Thewmika,PBB Rajapaksa,C Wijesinghe,1,0,,,,,,"",""
ball,2,27.6,Tamil Union Cricket and Athletic Club,PBB Rajapaksa,V Thewmika,C Wijesinghe,0,1,1,,,,,"",""
ball,2,27.7,Tamil Union Cricket and Athletic Club,PBB Rajapaksa,V Thewmika,C Wijesinghe,0,0,,,,,,"",""
ball,2,28.1,Tamil Union Cricket and Athletic Club,V Thewmika,PBB Rajapaksa,PHKD Mendis,1,0,,,,,,"",""
ball,2,28.2,Tamil Union Cricket and Athletic Club,PBB Rajapaksa,V Thewmika,PHKD Mendis,6,0,,,,,,"",""
ball,2,28.3,Tamil Union Cricket and Athletic Club,PBB Rajapaksa,V Thewmika,PHKD Mendis,0,0,,,,,,"",""
ball,2,28.4,Tamil Union Cricket and Athletic Club,PBB Rajapaksa,V Thewmika,PHKD Mendis,0,1,1,,,,,"",""
ball,2,28.5,Tamil Union Cricket and Athletic Club,PBB Rajapaksa,V Thewmika,PHKD Mendis,1,0,,,,,,run out,V Thewmika
ball,2,28.6,Tamil Union Cricket and Athletic Club,PBB Rajapaksa,S Jayathilake,PHKD Mendis,1,0,,,,,,"",""
ball,2,28.7,Tamil Union Cricket and Athletic Club,S Jayathilake,PBB Rajapaksa,PHKD Mendis,0,0,,,,,,bowled,S Jayathilake
ball,2,29.1,Tamil Union Cricket and Athletic Club,PBB Rajapaksa,SMLD Samarakoon,C Wijesinghe,4,0,,,,,,"",""
ball,2,29.2,Tamil Union Cricket and Athletic Club,PBB Rajapaksa,SMLD Samarakoon,C Wijesinghe,1,0,,,,,,"",""
ball,2,29.3,Tamil Union Cricket and Athletic Club,SMLD Samarakoon,PBB Rajapaksa,C Wijesinghe,4,0,,,,,,"",""
ball,2,29.4,Tamil Union Cricket and Athletic Club,SMLD Samarakoon,PBB Rajapaksa,C Wijesinghe,1,0,,,,,,"",""
ball,2,29.5,Tamil Union Cricket and Athletic Club,PBB Rajapaksa,SMLD Samarakoon,C Wijesinghe,0,0,,,,,,"",""
ball,2,29.6,Tamil Union Cricket and Athletic Club,PBB Rajapaksa,SMLD Samarakoon,C Wijesinghe,1,0,,,,,,"",""
ball,2,30.1,Tamil Union Cricket and Athletic Club,PBB Rajapaksa,SMLD Samarakoon,PHKD Mendis,1,0,,,,,,"",""
ball,2,30.2,Tamil Union Cricket and Athletic Club,SMLD Samarakoon,PBB Rajapaksa,PHKD Mendis,1,0,,,,,,"",""
ball,2,30.3,Tamil Union Cricket and Athletic Club,PBB Rajapaksa,SMLD Samarakoon,PHKD Mendis,1,0,,,,,,"",""
ball,2,30.4,Tamil Union Cricket and Athletic Club,SMLD Samarakoon,PBB Rajapaksa,PHKD Mendis,0,0,,,,,,"",""
ball,2,30.5,Tamil Union Cricket and Athletic Club,SMLD Samarakoon,PBB Rajapaksa,PHKD Mendis,0,0,,,,,,"",""
ball,2,30.6,Tamil Union Cricket and Athletic Club,SMLD Samarakoon,PBB Rajapaksa,PHKD Mendis,0,0,,,,,,"",""
ball,2,31.1,Tamil Union Cricket and Athletic Club,PBB Rajapaksa,SMLD Samarakoon,DM de Silva,0,0,,,,,,"",""
ball,2,31.2,Tamil Union Cricket and Athletic Club,PBB Rajapaksa,SMLD Samarakoon,DM de Silva,1,0,,,,,,"",""
ball,2,31.3,Tamil Union Cricket and Athletic Club,SMLD Samarakoon,PBB Rajapaksa,DM de Silva,0,0,,,,,,"",""
ball,2,31.4,Tamil Union Cricket and Athletic Club,SMLD Samarakoon,PBB Rajapaksa,DM de Silva,0,0,,,,,,"",""
ball,2,31.5,Tamil Union Cricket and Athletic Club,SMLD Samarakoon,PBB Rajapaksa,DM de Silva,0,0,,,,,,"",""
ball,2,31.6,Tamil Union Cricket and Athletic Club,SMLD Samarakoon,PBB Rajapaksa,DM de Silva,0,0,,,,,,"",""
ball,2,32.1,Tamil Union Cricket and Athletic Club,PBB Rajapaksa,SMLD Samarakoon,PHKD Mendis,0,0,,,,,,"",""
ball,2,32.2,Tamil Union Cricket and Athletic Club,PBB Rajapaksa,SMLD Samarakoon,PHKD Mendis,0,0,,,,,,"",""
ball,2,32.3,Tamil Union Cricket and Athletic Club,PBB Rajapaksa,SMLD Samarakoon,PHKD Mendis,4,0,,,,,,"",""
ball,2,32.4,Tamil Union Cricket and Athletic Club,PBB Rajapaksa,SMLD Samarakoon,PHKD Mendis,0,0,,,,,,"",""
ball,2,32.5,Tamil Union Cricket and Athletic Club,PBB Rajapaksa,SMLD Samarakoon,PHKD Mendis,1,0,,,,,,"",""
ball,2,32.6,Tamil Union Cricket and Athletic Club,SMLD Samarakoon,PBB Rajapaksa,PHKD Mendis,0,0,,,,,,bowled,SMLD Samarakoon
ball,2,33.1,Tamil Union Cricket and Athletic Club,PBB Rajapaksa,V Viyaskanth,N Thushara,0,1,,,,1,,"",""
ball,2,33.2,Tamil Union Cricket and Athletic Club,V Viyaskanth,PBB Rajapaksa,N Thushara,1,0,,,,,,"",""
ball,2,33.3,Tamil Union Cricket and Athletic Club,PBB Rajapaksa,V Viyaskanth,N Thushara,0,0,,,,,,"",""
ball,2,33.4,Tamil Union Cricket and Athletic Club,PBB Rajapaksa,V Viyaskanth,N Thushara,0,1,,1,,,,"",""
ball,2,33.5,Tamil Union Cricket and Athletic Club,PBB Rajapaksa,V Viyaskanth,N Thushara,6,0,,,,,,"",""
ball,2,33.6,Tamil Union Cricket and Athletic Club,PBB Rajapaksa,V Viyaskanth,N Thushara,0,0,,,,,,"",""
ball,2,33.7,Tamil Union Cricket and Athletic Club,PBB Rajapaksa,V Viyaskanth,N Thushara,1,0,,,,,,"",""
ball,2,34.1,Tamil Union Cricket and Athletic Club,PBB Rajapaksa,V Viyaskanth,PHKD Mendis,0,0,,,,,,"",""
ball,2,34.2,Tamil Union Cricket and Athletic Club,PBB Rajapaksa,V Viyaskanth,PHKD Mendis,1,0,,,,,,"",""
ball,2,34.3,Tamil Union Cricket and Athletic Club,V Viyaskanth,PBB Rajapaksa,PHKD Mendis,0,0,,,,,,"",""
ball,2,34.4,Tamil Union Cricket and Athletic Club,V Viyaskanth,PBB Rajapaksa,PHKD Mendis,0,0,,,,,,"",""
ball,2,34.5,Tamil Union Cricket and Athletic Club,V Viyaskanth,PBB Rajapaksa,PHKD Mendis,0,0,,,,,,"",""
ball,2,34.6,Tamil Union Cricket and Athletic Club,V Viyaskanth,PBB Rajapaksa,PHKD Mendis,1,0,,,,,,"",""
ball,2,35.1,Tamil Union Cricket and Athletic Club,V Viyaskanth,PBB Rajapaksa,N Thushara,0,0,,,,,,"",""
ball,2,35.2,Tamil Union Cricket and Athletic Club,V Viyaskanth,PBB Rajapaksa,N Thushara,0,0,,,,,,"",""
ball,2,35.3,Tamil Union Cricket and Athletic Club,V Viyaskanth,PBB Rajapaksa,N Thushara,0,0,,,,,,"",""
ball,2,35.4,Tamil Union Cricket and Athletic Club,V Viyaskanth,PBB Rajapaksa,N Thushara,1,0,,,,,,"",""
ball,2,35.5,Tamil Union Cricket and Athletic Club,PBB Rajapaksa,V Viyaskanth,N Thushara,0,0,,,,,,caught,PBB Rajapaksa
ball,2,35.6,Tamil Union Cricket and Athletic Club,KTH Ratnayake,V Viyaskanth,N Thushara,0,0,,,,,,"",""
ball,2,36.1,Tamil Union Cricket and Athletic Club,V Viyaskanth,KTH Ratnayake,PHKD Mendis,1,0,,,,,,"",""
ball,2,36.2,Tamil Union Cricket and Athletic Club,KTH Ratnayake,V Viyaskanth,PHKD Mendis,1,0,,,,,,"",""
ball,2,36.3,Tamil Union Cricket and Athletic Club,V Viyaskanth,KTH Ratnayake,PHKD Mendis,0,0,,,,,,"",""
ball,2,36.4,Tamil Union Cricket and Athletic Club,V Viyaskanth,KTH Ratnayake,PHKD Mendis,1,0,,,,,,"",""
ball,2,36.5,Tamil Union Cricket and Athletic Club,KTH Ratnayake,V Viyaskanth,PHKD Mendis,1,0,,,,,,"",""
ball,2,36.6,Tamil Union Cricket and Athletic Club,V Viyaskanth,KTH Ratnayake,PHKD Mendis,1,0,,,,,,"",""
ball,2,37.1,Tamil Union Cricket and Athletic Club,V Viyaskanth,KTH Ratnayake,N Thushara,1,0,,,,,,"",""
ball,2,37.2,Tamil Union Cricket and Athletic Club,KTH Ratnayake,V Viyaskanth,N Thushara,1,0,,,,,,"",""
ball,2,37.3,Tamil Union Cricket and Athletic Club,V Viyaskanth,KTH Ratnayake,N Thushara,0,0,,,,,,"",""
ball,2,37.4,Tamil Union Cricket and Athletic Club,V Viyaskanth,KTH Ratnayake,N Thushara,1,0,,,,,,"",""
ball,2,37.5,Tamil Union Cricket and Athletic Club,KTH Ratnayake,V Viyaskanth,N Thushara,4,0,,,,,,"",""
ball,2,37.6,Tamil Union Cricket and Athletic Club,KTH Ratnayake,V Viyaskanth,N Thushara,0,0,,,,,,"",""
ball,2,38.1,Tamil Union Cricket and Athletic Club,V Viyaskanth,KTH Ratnayake,PHKD Mendis,1,0,,,,,,"",""
ball,2,38.2,Tamil Union Cricket and Athletic Club,KTH Ratnayake,V Viyaskanth,PHKD Mendis,0,0,,,,,,"",""
ball,2,38.3,Tamil Union Cricket and Athletic Club,KTH Ratnayake,V Viyaskanth,PHKD Mendis,0,0,,,,,,"",""
ball,2,38.4,Tamil Union Cricket and Athletic Club,KTH Ratnayake,V Viyaskanth,PHKD Mendis,1,0,,,,,,"",""
ball,2,38.5,Tamil Union Cricket and Athletic Club,V Viyaskanth,KTH Ratnayake,PHKD Mendis,1,0,,,,,,"",""
ball,2,38.6,Tamil Union Cricket and Athletic Club,KTH Ratnayake,V Viyaskanth,PHKD Mendis,2,0,,,,,,"",""
ball,2,39.1,Tamil Union Cricket and Athletic Club,V Viyaskanth,KTH Ratnayake,GS Dinusha,0,0,,,,,,"",""
ball,2,39.2,Tamil Union Cricket and Athletic Club,V Viyaskanth,KTH Ratnayake,GS Dinusha,0,0,,,,,,"",""
ball,2,39.3,Tamil Union Cricket and Athletic Club,V Viyaskanth,KTH Ratnayake,GS Dinusha,2,0,,,,,,"",""
ball,2,39.4,Tamil Union Cricket and Athletic Club,V Viyaskanth,KTH Ratnayake,GS Dinusha,1,0,,,,,,"",""
ball,2,39.5,Tamil Union Cricket and Athletic Club,KTH Ratnayake,V Viyaskanth,GS Dinusha,1,0,,,,,,"",""
ball,2,39.6,Tamil Union Cricket and Athletic Club,V Viyaskanth,KTH Ratnayake,GS Dinusha,1,0,,,,,,"",""
ball,2,40.1,Tamil Union Cricket and Athletic Club,V Viyaskanth,KTH Ratnayake,PHKD Mendis,0,0,,,,,,caught,V Viyaskanth
ball,2,40.2,Tamil Union Cricket and Athletic Club,T Vithushan,KTH Ratnayake,PHKD Mendis,0,0,,,,,,"",""
ball,2,40.3,Tamil Union Cricket and Athletic Club,T Vithushan,KTH Ratnayake,PHKD Mendis,1,0,,,,,,"",""
ball,2,40.4,Tamil Union Cricket and Athletic Club,KTH Ratnayake,T Vithushan,PHKD Mendis,0,0,,,,,,"",""
ball,2,40.5,Tamil Union Cricket and Athletic Club,KTH Ratnayake,T Vithushan,PHKD Mendis,0,0,,,,,,"",""
ball,2,40.6,Tamil Union Cricket and Athletic Club,KTH Ratnayake,T Vithushan,PHKD Mendis,1,0,,,,,,"",""
ball,2,41.1,Tamil Union Cricket and Athletic Club,KTH Ratnayake,T Vithushan,N Thushara,0,0,,,,,,caught,KTH Ratnayake
