version,1.7.0
info,balls_per_over,6
info,team,Gloucestershire
info,team,Northamptonshire
info,gender,male
info,season,2015
info,date,2015/08/17
info,event,Royal London One-Day Cup
info,venue,"County Ground, Northampton"
info,city,Northampton
info,toss_winner,Gloucestershire
info,toss_decision,bat
info,umpire,NA Mallender
info,umpire,PK Baldwin
info,winner,Northamptonshire
info,winner_wickets,4
info,player,Gloucestershire,WA Tavare
info,player,Gloucestershire,CDJ Dent
info,player,Gloucestershire,GH Roderick
info,player,Gloucestershire,GO Jones
info,player,Gloucestershire,BAC Howell
info,player,Gloucestershire,K Noema-Barnett
info,player,Gloucestershire,JMR Taylor
info,player,Gloucestershire,Miles Hammond
info,player,Gloucestershire,JK Fuller
info,player,Gloucestershire,CN Miles
info,player,Gloucestershire,DA Payne
info,player,Northamptonshire,JJ Cobb
info,player,Northamptonshire,DJ Willey
info,player,Northamptonshire,RE Levi
info,player,Northamptonshire,BM Duckett
info,player,Northamptonshire,AG Wakely
info,player,Northamptonshire,RI Keogh
info,player,Northamptonshire,SP Crook
info,player,Northamptonshire,KJ Coetzer
info,player,Northamptonshire,RK Kleinveldt
info,player,Northamptonshire,OP Stone
info,player,Northamptonshire,Azharullah
info,registry,people,AG Wakely,730d120f
info,registry,people,Azharullah,2a0d5d4a
info,registry,people,BAC Howell,0bec3a6c
info,registry,people,BM Duckett,5f26f677
info,registry,people,CDJ Dent,10435ca2
info,registry,people,CN Miles,5fed6272
info,registry,people,DA Payne,6c79c098
info,registry,people,DJ Willey,7f048519
info,registry,people,GH Roderick,7081848a
info,registry,people,GO Jones,2e929b99
info,registry,people,JJ Cobb,58c481c6
info,registry,people,JK Fuller,dda5aae5
info,registry,people,JMR Taylor,aed5be04
info,registry,people,K Noema-Barnett,1ad0b441
info,registry,people,KJ Coetzer,85d8110a
info,registry,people,Miles Hammond,c88bc84a
info,registry,people,NA Mallender,3b5dfcd4
info,registry,people,OP Stone,3f659464
info,registry,people,PK Baldwin,6bb53c12
info,registry,people,RE Levi,18c78b11
info,registry,people,RI Keogh,e22d3b5c
info,registry,people,RK Kleinveldt,7955eb15
info,registry,people,SP Crook,c4450a69
info,registry,people,WA Tavare,4bb5dc96
ball,1,0.1,Gloucestershire,WA Tavare,CDJ Dent,RK Kleinveldt,0,0,,,,,,"",""
ball,1,0.2,Gloucestershire,WA Tavare,CDJ Dent,RK Kleinveldt,0,0,,,,,,"",""
ball,1,0.3,Gloucestershire,WA Tavare,CDJ Dent,RK Kleinveldt,1,0,,,,,,"",""
ball,1,0.4,Gloucestershire,CDJ Dent,WA Tavare,RK Kleinveldt,0,0,,,,,,"",""
ball,1,0.5,Gloucestershire,CDJ Dent,WA Tavare,RK Kleinveldt,0,0,,,,,,"",""
ball,1,0.6,Gloucestershire,CDJ Dent,WA Tavare,RK Kleinveldt,0,0,,,,,,"",""
ball,1,1.1,Gloucestershire,WA Tavare,CDJ Dent,DJ Willey,0,0,,,,,,"",""
ball,1,1.2,Gloucestershire,WA Tavare,CDJ Dent,DJ Willey,0,0,,,,,,"",""
ball,1,1.3,Gloucestershire,WA Tavare,CDJ Dent,DJ Willey,0,0,,,,,,"",""
ball,1,1.4,Gloucestershire,WA Tavare,CDJ Dent,DJ Willey,0,0,,,,,,"",""
ball,1,1.5,Gloucestershire,WA Tavare,CDJ Dent,DJ Willey,1,0,,,,,,"",""
ball,1,1.6,Gloucestershire,CDJ Dent,WA Tavare,DJ Willey,0,1,1,,,,,"",""
ball,1,1.7,Gloucestershire,CDJ Dent,WA Tavare,DJ Willey,0,0,,,,,,"",""
ball,1,2.1,Gloucestershire,WA Tavare,CDJ Dent,RK Kleinveldt,0,0,,,,,,"",""
ball,1,2.2,Gloucestershire,WA Tavare,CDJ Dent,RK Kleinveldt,1,0,,,,,,"",""
ball,1,2.3,Gloucestershire,CDJ Dent,WA Tavare,RK Kleinveldt,0,0,,,,,,bowled,CDJ Dent
ball,1,2.4,Gloucestershire,GH Roderick,WA Tavare,RK Kleinveldt,0,0,,,,,,"",""
ball,1,2.5,Gloucestershire,GH Roderick,WA Tavare,RK Kleinveldt,0,0,,,,,,"",""
ball,1,2.6,Gloucestershire,GH Roderick,WA Tavare,RK Kleinveldt,0,0,,,,,,"",""
ball,1,3.1,Gloucestershire,WA Tavare,GH Roderick,DJ Willey,0,0,,,,,,"",""
ball,1,3.2,Gloucestershire,WA Tavare,GH Roderick,DJ Willey,4,0,,,,,,"",""
ball,1,3.3,Gloucestershire,WA Tavare,GH Roderick,DJ Willey,0,0,,,,,,"",""
ball,1,3.4,Gloucestershire,WA Tavare,GH Roderick,DJ Willey,0,0,,,,,,"",""
ball,1,3.5,Gloucestershire,WA Tavare,GH Roderick,DJ Willey,4,0,,,,,,"",""
ball,1,3.6,Gloucestershire,WA Tavare,GH Roderick,DJ Willey,0,0,,,,,,"",""
ball,1,4.1,Gloucestershire,GH Roderick,WA Tavare,RK Kleinveldt,0,0,,,,,,"",""
ball,1,4.2,Gloucestershire,GH Roderick,WA Tavare,RK Kleinveldt,1,0,,,,,,"",""
ball,1,4.3,Gloucestershire,WA Tavare,GH Roderick,RK Kleinveldt,0,0,,,,,,"",""
ball,1,4.4,Gloucestershire,WA Tavare,GH Roderick,RK Kleinveldt,2,0,,,,,,"",""
ball,1,4.5,Gloucestershire,WA Tavare,GH Roderick,RK Kleinveldt,0,0,,,,,,"",""
ball,1,4.6,Gloucestershire,WA Tavare,GH Roderick,RK Kleinveldt,0,0,,,,,,"",""
ball,1,5.1,Gloucestershire,GH Roderick,WA Tavare,DJ Willey,0,0,,,,,,"",""
ball,1,5.2,Gloucestershire,GH Roderick,WA Tavare,DJ Willey,0,0,,,,,,"",""
ball,1,5.3,Gloucestershire,GH Roderick,WA Tavare,DJ Willey,0,0,,,,,,"",""
ball,1,5.4,Gloucestershire,GH Roderick,WA Tavare,DJ Willey,0,0,,,,,,"",""
ball,1,5.5,Gloucestershire,GH Roderick,WA Tavare,DJ Willey,1,0,,,,,,"",""
ball,1,5.6,Gloucestershire,WA Tavare,GH Roderick,DJ Willey,0,0,,,,,,"",""
ball,1,6.1,Gloucestershire,GH Roderick,WA Tavare,RK Kleinveldt,4,0,,,,,,"",""
ball,1,6.2,Gloucestershire,GH Roderick,WA Tavare,RK Kleinveldt,0,0,,,,,,"",""
ball,1,6.3,Gloucestershire,GH Roderick,WA Tavare,RK Kleinveldt,0,0,,,,,,"",""
ball,1,6.4,Gloucestershire,GH Roderick,WA Tavare,RK Kleinveldt,0,0,,,,,,"",""
ball,1,6.5,Gloucestershire,GH Roderick,WA Tavare,RK Kleinveldt,0,0,,,,,,"",""
ball,1,6.6,Gloucestershire,GH Roderick,WA Tavare,RK Kleinveldt,0,0,,,,,,"",""
ball,1,7.1,Gloucestershire,WA Tavare,GH Roderick,OP Stone,0,0,,,,,,lbw,WA Tavare
ball,1,7.2,Gloucestershire,GO Jones,GH Roderick,OP Stone,0,0,,,,,,"",""
ball,1,7.3,Gloucestershire,GO Jones,GH Roderick,OP Stone,0,0,,,,,,bowled,GO Jones
ball,1,7.4,Gloucestershire,BAC Howell,GH Roderick,OP Stone,0,0,,,,,,"",""
ball,1,7.5,Gloucestershire,BAC Howell,GH Roderick,OP Stone,0,0,,,,,,"",""
ball,1,7.6,Gloucestershire,BAC Howell,GH Roderick,OP Stone,0,0,,,,,,"",""
ball,1,8.1,Gloucestershire,GH Roderick,BAC Howell,RK Kleinveldt,0,0,,,,,,"",""
ball,1,8.2,Gloucestershire,GH Roderick,BAC Howell,RK Kleinveldt,0,1,1,,,,,"",""
ball,1,8.3,Gloucestershire,GH Roderick,BAC Howell,RK Kleinveldt,4,0,,,,,,"",""
ball,1,8.4,Gloucestershire,GH Roderick,BAC Howell,RK Kleinveldt,0,0,,,,,,"",""
ball,1,8.5,Gloucestershire,GH Roderick,BAC Howell,RK Kleinveldt,0,0,,,,,,"",""
ball,1,8.6,Gloucestershire,GH Roderick,BAC Howell,RK Kleinveldt,0,0,,,,,,"",""
ball,1,8.7,Gloucestershire,GH Roderick,BAC Howell,RK Kleinveldt,0,0,,,,,,"",""
ball,1,9.1,Gloucestershire,BAC Howell,GH Roderick,OP Stone,0,0,,,,,,"",""
ball,1,9.2,Gloucestershire,BAC Howell,GH Roderick,OP Stone,4,0,,,,,,"",""
ball,1,9.3,Gloucestershire,BAC Howell,GH Roderick,OP Stone,0,0,,,,,,"",""
ball,1,9.4,Gloucestershire,BAC Howell,GH Roderick,OP Stone,0,0,,,,,,"",""
ball,1,9.5,Gloucestershire,BAC Howell,GH Roderick,OP Stone,0,0,,,,,,"",""
ball,1,9.6,Gloucestershire,BAC Howell,GH Roderick,OP Stone,1,0,,,,,,"",""
ball,1,10.1,Gloucestershire,BAC Howell,GH Roderick,RK Kleinveldt,1,0,,,,,,"",""
ball,1,10.2,Gloucestershire,GH Roderick,BAC Howell,RK Kleinveldt,0,0,,,,,,"",""
ball,1,10.3,Gloucestershire,GH Roderick,BAC Howell,RK Kleinveldt,0,0,,,,,,"",""
ball,1,10.4,Gloucestershire,GH Roderick,BAC Howell,RK Kleinveldt,1,0,,,,,,"",""
ball,1,10.5,Gloucestershire,BAC Howell,GH Roderick,RK Kleinveldt,0,0,,,,,,"",""
ball,1,10.6,Gloucestershire,BAC Howell,GH Roderick,RK Kleinveldt,0,0,,,,,,"",""
ball,1,11.1,Gloucestershire,GH Roderick,BAC Howell,OP Stone,0,0,,,,,,"",""
ball,1,11.2,Gloucestershire,GH Roderick,BAC Howell,OP Stone,0,0,,,,,,"",""
ball,1,11.3,Gloucestershire,GH Roderick,BAC Howell,OP Stone,0,0,,,,,,"",""
ball,1,11.4,Gloucestershire,GH Roderick,BAC Howell,OP Stone,4,0,,,,,,"",""
ball,1,11.5,Gloucestershire,GH Roderick,BAC Howell,OP Stone,0,0,,,,,,"",""
ball,1,11.6,Gloucestershire,GH Roderick,BAC Howell,OP Stone,0,0,,,,,,"",""
ball,1,12.1,Gloucestershire,BAC Howell,GH Roderick,SP Crook,2,0,,,,,,"",""
ball,1,12.2,Gloucestershire,BAC Howell,GH Roderick,SP Crook,0,0,,,,,,"",""
ball,1,12.3,Gloucestershire,BAC Howell,GH Roderick,SP Crook,0,0,,,,,,"",""
ball,1,12.4,Gloucestershire,BAC Howell,GH Roderick,SP Crook,4,0,,,,,,"",""
ball,1,12.5,Gloucestershire,BAC Howell,GH Roderick,SP Crook,3,0,,,,,,"",""
ball,1,12.6,Gloucestershire,GH Roderick,BAC Howell,SP Crook,0,0,,,,,,"",""
ball,1,13.1,Gloucestershire,BAC Howell,GH Roderick,OP Stone,1,0,,,,,,"",""
ball,1,13.2,Gloucestershire,GH Roderick,BAC Howell,OP Stone,0,0,,,,,,"",""
ball,1,13.3,Gloucestershire,GH Roderick,BAC Howell,OP Stone,4,0,,,,,,"",""
ball,1,13.4,Gloucestershire,GH Roderick,BAC Howell,OP Stone,0,0,,,,,,"",""
ball,1,13.5,Gloucestershire,GH Roderick,BAC Howell,OP Stone,0,0,,,,,,"",""
ball,1,13.6,Gloucestershire,GH Roderick,BAC Howell,OP Stone,0,0,,,,,,"",""
ball,1,14.1,Gloucestershire,BAC Howell,GH Roderick,SP Crook,0,0,,,,,,"",""
ball,1,14.2,Gloucestershire,BAC Howell,GH Roderick,SP Crook,2,0,,,,,,"",""
ball,1,14.3,Gloucestershire,BAC Howell,GH Roderick,SP Crook,0,1,,,,1,,"",""
ball,1,14.4,Gloucestershire,GH Roderick,BAC Howell,SP Crook,1,0,,,,,,"",""
ball,1,14.5,Gloucestershire,BAC Howell,GH Roderick,SP Crook,0,0,,,,,,"",""
ball,1,14.6,Gloucestershire,BAC Howell,GH Roderick,SP Crook,1,0,,,,,,"",""
ball,1,15.1,Gloucestershire,BAC Howell,GH Roderick,OP Stone,0,0,,,,,,"",""
ball,1,15.2,Gloucestershire,BAC Howell,GH Roderick,OP Stone,0,0,,,,,,"",""
ball,1,15.3,Gloucestershire,BAC Howell,GH Roderick,OP Stone,1,0,,,,,,"",""
ball,1,15.4,Gloucestershire,GH Roderick,BAC Howell,OP Stone,0,0,,,,,,"",""
ball,1,15.5,Gloucestershire,GH Roderick,BAC Howell,OP Stone,0,0,,,,,,"",""
ball,1,15.6,Gloucestershire,GH Roderick,BAC Howell,OP Stone,0,0,,,,,,"",""
ball,1,16.1,Gloucestershire,BAC Howell,GH Roderick,Azharullah,0,0,,,,,,"",""
ball,1,16.2,Gloucestershire,BAC Howell,GH Roderick,Azharullah,0,0,,,,,,"",""
ball,1,16.3,Gloucestershire,BAC Howell,GH Roderick,Azharullah,0,0,,,,,,"",""
ball,1,16.4,Gloucestershire,BAC Howell,GH Roderick,Azharullah,0,0,,,,,,"",""
ball,1,16.5,Gloucestershire,BAC Howell,GH Roderick,Azharullah,0,0,,,,,,"",""
ball,1,16.6,Gloucestershire,BAC Howell,GH Roderick,Azharullah,4,0,,,,,,"",""
ball,1,17.1,Gloucestershire,GH Roderick,BAC Howell,DJ Willey,0,0,,,,,,"",""
ball,1,17.2,Gloucestershire,GH Roderick,BAC Howell,DJ Willey,0,0,,,,,,"",""
ball,1,17.3,Gloucestershire,GH Roderick,BAC Howell,DJ Willey,3,0,,,,,,"",""
ball,1,17.4,Gloucestershire,BAC Howell,GH Roderick,DJ Willey,0,0,,,,,,"",""
ball,1,17.5,Gloucestershire,BAC Howell,GH Roderick,DJ Willey,1,0,,,,,,"",""
ball,1,17.6,Gloucestershire,GH Roderick,BAC Howell,DJ Willey,0,0,,,,,,"",""
ball,1,18.1,Gloucestershire,BAC Howell,GH Roderick,Azharullah,0,0,,,,,,"",""
ball,1,18.2,Gloucestershire,BAC Howell,GH Roderick,Azharullah,0,0,,,,,,"",""
ball,1,18.3,Gloucestershire,BAC Howell,GH Roderick,Azharullah,0,0,,,,,,"",""
ball,1,18.4,Gloucestershire,BAC Howell,GH Roderick,Azharullah,1,0,,,,,,"",""
ball,1,18.5,Gloucestershire,GH Roderick,BAC Howell,Azharullah,0,0,,,,,,"",""
ball,1,18.6,Gloucestershire,GH Roderick,BAC Howell,Azharullah,0,1,,,,1,,"",""
ball,1,19.1,Gloucestershire,GH Roderick,BAC Howell,DJ Willey,0,0,,,,,,"",""
ball,1,19.2,Gloucestershire,GH Roderick,BAC Howell,DJ Willey,1,0,,,,,,"",""
ball,1,19.3,Gloucestershire,BAC Howell,GH Roderick,DJ Willey,0,0,,,,,,"",""
ball,1,19.4,Gloucestershire,BAC Howell,GH Roderick,DJ Willey,0,0,,,,,,"",""
ball,1,19.5,Gloucestershire,BAC Howell,GH Roderick,DJ Willey,0,0,,,,,,"",""
ball,1,19.6,Gloucestershire,BAC Howell,GH Roderick,DJ Willey,0,0,,,,,,"",""
ball,1,20.1,Gloucestershire,GH Roderick,BAC Howell,Azharullah,0,0,,,,,,"",""
ball,1,20.2,Gloucestershire,GH Roderick,BAC Howell,Azharullah,0,0,,,,,,"",""
ball,1,20.3,Gloucestershire,GH Roderick,BAC Howell,Azharullah,0,0,,,,,,"",""
ball,1,20.4,Gloucestershire,GH Roderick,BAC Howell,Azharullah,1,0,,,,,,"",""
ball,1,20.5,Gloucestershire,BAC Howell,GH Roderick,Azharullah,0,0,,,,,,"",""
ball,1,20.6,Gloucestershire,BAC Howell,GH Roderick,Azharullah,1,0,,,,,,"",""
ball,1,21.1,Gloucestershire,BAC Howell,GH Roderick,DJ Willey,0,0,,,,,,"",""
ball,1,21.2,Gloucestershire,BAC Howell,GH Roderick,DJ Willey,0,0,,,,,,"",""
ball,1,21.3,Gloucestershire,BAC Howell,GH Roderick,DJ Willey,1,0,,,,,,"",""
ball,1,21.4,Gloucestershire,GH Roderick,BAC Howell,DJ Willey,4,0,,,,,,"",""
ball,1,21.5,Gloucestershire,GH Roderick,BAC Howell,DJ Willey,0,0,,,,,,"",""
ball,1,21.6,Gloucestershire,GH Roderick,BAC Howell,DJ Willey,1,0,,,,,,"",""
ball,1,22.1,Gloucestershire,GH Roderick,BAC Howell,Azharullah,1,0,,,,,,"",""
ball,1,22.2,Gloucestershire,BAC Howell,GH Roderick,Azharullah,0,0,,,,,,"",""
ball,1,22.3,Gloucestershire,BAC Howell,GH Roderick,Azharullah,2,0,,,,,,"",""
ball,1,22.4,Gloucestershire,BAC Howell,GH Roderick,Azharullah,1,0,,,,,,"",""
ball,1,22.5,Gloucestershire,GH Roderick,BAC Howell,Azharullah,4,0,,,,,,"",""
ball,1,22.6,Gloucestershire,GH Roderick,BAC Howell,Azharullah,4,0,,,,,,"",""
ball,1,23.1,Gloucestershire,BAC Howell,GH Roderick,RI Keogh,1,0,,,,,,"",""
ball,1,23.2,Gloucestershire,GH Roderick,BAC Howell,RI Keogh,2,0,,,,,,"",""
ball,1,23.3,Gloucestershire,GH Roderick,BAC Howell,RI Keogh,6,0,,,,,,"",""
ball,1,23.4,Gloucestershire,GH Roderick,BAC Howell,RI Keogh,0,0,,,,,,"",""
ball,1,23.5,Gloucestershire,GH Roderick,BAC Howell,RI Keogh,0,0,,,,,,"",""
ball,1,23.6,Gloucestershire,GH Roderick,BAC Howell,RI Keogh,1,0,,,,,,"",""
ball,1,24.1,Gloucestershire,GH Roderick,BAC Howell,Azharullah,0,0,,,,,,"",""
ball,1,24.2,Gloucestershire,GH Roderick,BAC Howell,Azharullah,0,0,,,,,,"",""
ball,1,24.3,Gloucestershire,GH Roderick,BAC Howell,Azharullah,4,0,,,,,,"",""
ball,1,24.4,Gloucestershire,GH Roderick,BAC Howell,Azharullah,0,1,,,,1,,"",""
ball,1,24.5,Gloucestershire,BAC Howell,GH Roderick,Azharullah,0,0,,,,,,"",""
ball,1,24.6,Gloucestershire,BAC Howell,GH Roderick,Azharullah,0,0,,,,,,"",""
ball,1,25.1,Gloucestershire,GH Roderick,BAC Howell,RI Keogh,4,0,,,,,,"",""
ball,1,25.2,Gloucestershire,GH Roderick,BAC Howell,RI Keogh,0,0,,,,,,"",""
ball,1,25.3,Gloucestershire,GH Roderick,BAC Howell,RI Keogh,1,0,,,,,,"",""
ball,1,25.4,Gloucestershire,BAC Howell,GH Roderick,RI Keogh,0,0,,,,,,"",""
ball,1,25.5,Gloucestershire,BAC Howell,GH Roderick,RI Keogh,2,0,,,,,,"",""
ball,1,25.6,Gloucestershire,BAC Howell,GH Roderick,RI Keogh,0,0,,,,,,run out,GH Roderick
ball,1,26.1,Gloucestershire,K Noema-Barnett,BAC Howell,Azharullah,0,0,,,,,,"",""
ball,1,26.2,Gloucestershire,K Noema-Barnett,BAC Howell,Azharullah,1,0,,,,,,"",""
ball,1,26.3,Gloucestershire,BAC Howell,K Noema-Barnett,Azharullah,0,0,,,,,,"",""
ball,1,26.4,Gloucestershire,BAC Howell,K Noema-Barnett,Azharullah,1,0,,,,,,"",""
ball,1,26.5,Gloucestershire,K Noema-Barnett,BAC Howell,Azharullah,4,0,,,,,,"",""
ball,1,26.6,Gloucestershire,K Noema-Barnett,BAC Howell,Azharullah,0,0,,,,,,"",""
ball,1,27.1,Gloucestershire,BAC Howell,K Noema-Barnett,RI Keogh,0,0,,,,,,"",""
ball,1,27.2,Gloucestershire,BAC Howell,K Noema-Barnett,RI Keogh,0,0,,,,,,"",""
ball,1,27.3,Gloucestershire,BAC Howell,K Noema-Barnett,RI Keogh,4,0,,,,,,"",""
ball,1,27.4,Gloucestershire,BAC Howell,K Noema-Barnett,RI Keogh,0,0,,,,,,"",""
ball,1,27.5,Gloucestershire,BAC Howell,K Noema-Barnett,RI Keogh,0,0,,,,,,"",""
ball,1,27.6,Gloucestershire,BAC Howell,K Noema-Barnett,RI Keogh,0,0,,,,,,"",""
ball,1,28.1,Gloucestershire,K Noema-Barnett,BAC Howell,OP Stone,0,0,,,,,,"",""
ball,1,28.2,Gloucestershire,K Noema-Barnett,BAC Howell,OP Stone,1,0,,,,,,"",""
ball,1,28.3,Gloucestershire,BAC Howell,K Noema-Barnett,OP Stone,1,0,,,,,,"",""
ball,1,28.4,Gloucestershire,K Noema-Barnett,BAC Howell,OP Stone,1,0,,,,,,"",""
ball,1,28.5,Gloucestershire,BAC Howell,K Noema-Barnett,OP Stone,1,0,,,,,,"",""
ball,1,28.6,Gloucestershire,K Noema-Barnett,BAC Howell,OP Stone,1,0,,,,,,"",""
ball,1,29.1,Gloucestershire,K Noema-Barnett,BAC Howell,RI Keogh,0,0,,,,,,"",""
ball,1,29.2,Gloucestershire,K Noema-Barnett,BAC Howell,RI Keogh,0,0,,,,,,"",""
ball,1,29.3,Gloucestershire,K Noema-Barnett,BAC Howell,RI Keogh,0,0,,,,,,"",""
ball,1,29.4,Gloucestershire,K Noema-Barnett,BAC Howell,RI Keogh,1,0,,,,,,"",""
ball,1,29.5,Gloucestershire,BAC Howell,K Noema-Barnett,RI Keogh,0,0,,,,,,"",""
ball,1,29.6,Gloucestershire,BAC Howell,K Noema-Barnett,RI Keogh,0,0,,,,,,"",""
ball,1,30.1,Gloucestershire,K Noema-Barnett,BAC Howell,SP Crook,0,0,,,,,,caught,K Noema-Barnett
ball,1,30.2,Gloucestershire,JMR Taylor,BAC Howell,SP Crook,0,0,,,,,,"",""
ball,1,30.3,Gloucestershire,JMR Taylor,BAC Howell,SP Crook,0,0,,,,,,"",""
ball,1,30.4,Gloucestershire,JMR Taylor,BAC Howell,SP Crook,1,0,,,,,,"",""
ball,1,30.5,Gloucestershire,BAC Howell,JMR Taylor,SP Crook,0,0,,,,,,"",""
ball,1,30.6,Gloucestershire,BAC Howell,JMR Taylor,SP Crook,0,0,,,,,,"",""
ball,1,31.1,Gloucestershire,JMR Taylor,BAC Howell,RI Keogh,4,0,,,,,,"",""
ball,1,31.2,Gloucestershire,JMR Taylor,BAC Howell,RI Keogh,0,0,,,,,,"",""
ball,1,31.3,Gloucestershire,JMR Taylor,BAC Howell,RI Keogh,0,0,,,,,,"",""
ball,1,31.4,Gloucestershire,JMR Taylor,BAC Howell,RI Keogh,1,0,,,,,,"",""
ball,1,31.5,Gloucestershire,BAC Howell,JMR Taylor,RI Keogh,0,0,,,,,,"",""
ball,1,31.6,Gloucestershire,BAC Howell,JMR Taylor,RI Keogh,1,0,,,,,,"",""
ball,1,32.1,Gloucestershire,BAC Howell,JMR Taylor,SP Crook,3,0,,,,,,"",""
ball,1,32.2,Gloucestershire,JMR Taylor,BAC Howell,SP Crook,4,0,,,,,,"",""
ball,1,32.3,Gloucestershire,JMR Taylor,BAC Howell,SP Crook,0,0,,,,,,caught,JMR Taylor
ball,1,32.4,Gloucestershire,Miles Hammond,BAC Howell,SP Crook,0,0,,,,,,"",""
ball,1,32.5,Gloucestershire,Miles Hammond,BAC Howell,SP Crook,0,0,,,,,,"",""
ball,1,32.6,Gloucestershire,Miles Hammond,BAC Howell,SP Crook,0,0,,,,,,"",""
ball,1,33.1,Gloucestershire,BAC Howell,Miles Hammond,OP Stone,0,0,,,,,,"",""
ball,1,33.2,Gloucestershire,BAC Howell,Miles Hammond,OP Stone,1,0,,,,,,"",""
ball,1,33.3,Gloucestershire,Miles Hammond,BAC Howell,OP Stone,0,0,,,,,,caught,Miles Hammond
ball,1,33.4,Gloucestershire,JK Fuller,BAC Howell,OP Stone,0,0,,,,,,"",""
ball,1,33.5,Gloucestershire,JK Fuller,BAC Howell,OP Stone,0,0,,,,,,"",""
ball,1,33.6,Gloucestershire,JK Fuller,BAC Howell,OP Stone,0,0,,,,,,"",""
ball,1,34.1,Gloucestershire,BAC Howell,JK Fuller,SP Crook,1,0,,,,,,"",""
ball,1,34.2,Gloucestershire,JK Fuller,BAC Howell,SP Crook,1,0,,,,,,"",""
ball,1,34.3,Gloucestershire,BAC Howell,JK Fuller,SP Crook,1,0,,,,,,"",""
ball,1,34.4,Gloucestershire,JK Fuller,BAC Howell,SP Crook,0,0,,,,,,"",""
ball,1,34.5,Gloucestershire,JK Fuller,BAC Howell,SP Crook,0,0,,,,,,"",""
ball,1,34.6,Gloucestershire,JK Fuller,BAC Howell,SP Crook,1,0,,,,,,"",""
ball,1,35.1,Gloucestershire,JK Fuller,BAC Howell,OP Stone,4,0,,,,,,"",""
ball,1,35.2,Gloucestershire,JK Fuller,BAC Howell,OP Stone,0,0,,,,,,"",""
ball,1,35.3,Gloucestershire,JK Fuller,BAC Howell,OP Stone,0,0,,,,,,"",""
ball,1,35.4,Gloucestershire,JK Fuller,BAC Howell,OP Stone,0,0,,,,,,"",""
ball,1,35.5,Gloucestershire,JK Fuller,BAC Howell,OP Stone,0,0,,,,,,"",""
ball,1,35.6,Gloucestershire,JK Fuller,BAC Howell,OP Stone,0,0,,,,,,"",""
ball,1,36.1,Gloucestershire,BAC Howell,JK Fuller,SP Crook,1,0,,,,,,"",""
ball,1,36.2,Gloucestershire,JK Fuller,BAC Howell,SP Crook,0,0,,,,,,"",""
ball,1,36.3,Gloucestershire,JK Fuller,BAC Howell,SP Crook,1,0,,,,,,"",""
ball,1,36.4,Gloucestershire,BAC Howell,JK Fuller,SP Crook,0,0,,,,,,"",""
ball,1,36.5,Gloucestershire,BAC Howell,JK Fuller,SP Crook,0,0,,,,,,"",""
ball,1,36.6,Gloucestershire,BAC Howell,JK Fuller,SP Crook,0,0,,,,,,"",""
ball,1,37.1,Gloucestershire,JK Fuller,BAC Howell,OP Stone,4,0,,,,,,"",""
ball,1,37.2,Gloucestershire,JK Fuller,BAC Howell,OP Stone,0,2,,2,,,,"",""
ball,1,37.3,Gloucestershire,JK Fuller,BAC Howell,OP Stone,1,0,,,,,,"",""
ball,1,37.4,Gloucestershire,BAC Howell,JK Fuller,OP Stone,0,0,,,,,,"",""
ball,1,37.5,Gloucestershire,BAC Howell,JK Fuller,OP Stone,0,0,,,,,,"",""
ball,1,37.6,Gloucestershire,BAC Howell,JK Fuller,OP Stone,0,0,,,,,,"",""
ball,1,37.7,Gloucestershire,BAC Howell,JK Fuller,OP Stone,2,0,,,,,,"",""
ball,1,38.1,Gloucestershire,JK Fuller,BAC Howell,RK Kleinveldt,0,0,,,,,,"",""
ball,1,38.2,Gloucestershire,JK Fuller,BAC Howell,RK Kleinveldt,0,0,,,,,,"",""
ball,1,38.3,Gloucestershire,JK Fuller,BAC Howell,RK Kleinveldt,0,0,,,,,,"",""
ball,1,38.4,Gloucestershire,JK Fuller,BAC Howell,RK Kleinveldt,4,0,,,,,,"",""
ball,1,38.5,Gloucestershire,JK Fuller,BAC Howell,RK Kleinveldt,2,0,,,,,,"",""
ball,1,38.6,Gloucestershire,JK Fuller,BAC Howell,RK Kleinveldt,2,0,,,,,,"",""
ball,1,39.1,Gloucestershire,BAC Howell,JK Fuller,DJ Willey,1,0,,,,,,"",""
ball,1,39.2,Gloucestershire,JK Fuller,BAC Howell,DJ Willey,0,0,,,,,,"",""
ball,1,39.3,Gloucestershire,JK Fuller,BAC Howell,DJ Willey,0,0,,,,,,"",""
ball,1,39.4,Gloucestershire,JK Fuller,BAC Howell,DJ Willey,0,0,,,,,,"",""
ball,1,39.5,Gloucestershire,JK Fuller,BAC Howell,DJ Willey,1,0,,,,,,"",""
ball,1,39.6,Gloucestershire,JK Fuller,BAC Howell,DJ Willey,0,0,,,,,,"",""
ball,1,40.1,Gloucestershire,BAC Howell,JK Fuller,RK Kleinveldt,0,0,,,,,,"",""
ball,1,40.2,Gloucestershire,BAC Howell,JK Fuller,RK Kleinveldt,1,0,,,,,,"",""
ball,1,40.3,Gloucestershire,JK Fuller,BAC Howell,RK Kleinveldt,0,0,,,,,,"",""
ball,1,40.4,Gloucestershire,JK Fuller,BAC Howell,RK Kleinveldt,0,0,,,,,,"",""
ball,1,40.5,Gloucestershire,JK Fuller,BAC Howell,RK Kleinveldt,0,0,,,,,,"",""
ball,1,40.6,Gloucestershire,JK Fuller,BAC Howell,RK Kleinveldt,1,0,,,,,,"",""
ball,1,41.1,Gloucestershire,JK Fuller,BAC Howell,DJ Willey,0,0,,,,,,"",""
ball,1,41.2,Gloucestershire,JK Fuller,BAC Howell,DJ Willey,4,0,,,,,,"",""
ball,1,41.3,Gloucestershire,JK Fuller,BAC Howell,DJ Willey,1,0,,,,,,"",""
ball,1,41.4,Gloucestershire,BAC Howell,JK Fuller,DJ Willey,1,0,,,,,,"",""
ball,1,41.5,Gloucestershire,JK Fuller,BAC Howell,DJ Willey,0,0,,,,,,"",""
ball,1,41.6,Gloucestershire,JK Fuller,BAC Howell,DJ Willey,4,0,,,,,,"",""
ball,1,42.1,Gloucestershire,BAC Howell,JK Fuller,Azharullah,4,0,,,,,,"",""
ball,1,42.2,Gloucestershire,BAC Howell,JK Fuller,Azharullah,0,0,,,,,,"",""
ball,1,42.3,Gloucestershire,BAC Howell,JK Fuller,Azharullah,0,0,,,,,,"",""
ball,1,42.4,Gloucestershire,BAC Howell,JK Fuller,Azharullah,1,0,,,,,,"",""
ball,1,42.5,Gloucestershire,JK Fuller,BAC Howell,Azharullah,0,2,,,,2,,"",""
ball,1,42.6,Gloucestershire,JK Fuller,BAC Howell,Azharullah,0,0,,,,,,"",""
ball,1,43.1,Gloucestershire,BAC Howell,JK Fuller,SP Crook,1,0,,,,,,"",""
ball,1,43.2,Gloucestershire,JK Fuller,BAC Howell,SP Crook,0,0,,,,,,caught,JK Fuller
ball,1,43.3,Gloucestershire,CN Miles,BAC Howell,SP Crook,0,0,,,,,,"",""
ball,1,43.4,Gloucestershire,CN Miles,BAC Howell,SP Crook,0,0,,,,,,"",""
ball,1,43.5,Gloucestershire,CN Miles,BAC Howell,SP Crook,1,0,,,,,,"",""
ball,1,43.6,Gloucestershire,BAC Howell,CN Miles,SP Crook,2,0,,,,,,"",""
ball,1,44.1,Gloucestershire,CN Miles,BAC Howell,Azharullah,4,0,,,,,,"",""
ball,1,44.2,Gloucestershire,CN Miles,BAC Howell,Azharullah,0,0,,,,,,"",""
ball,1,44.3,Gloucestershire,CN Miles,BAC Howell,Azharullah,1,0,,,,,,"",""
ball,1,44.4,Gloucestershire,BAC Howell,CN Miles,Azharullah,0,0,,,,,,"",""
ball,1,44.5,Gloucestershire,BAC Howell,CN Miles,Azharullah,1,0,,,,,,"",""
ball,1,44.6,Gloucestershire,CN Miles,BAC Howell,Azharullah,0,0,,,,,,"",""
ball,1,45.1,Gloucestershire,BAC Howell,CN Miles,SP Crook,0,0,,,,,,"",""
ball,1,45.2,Gloucestershire,BAC Howell,CN Miles,SP Crook,1,0,,,,,,"",""
ball,1,45.3,Gloucestershire,CN Miles,BAC Howell,SP Crook,0,0,,,,,,"",""
ball,1,45.4,Gloucestershire,CN Miles,BAC Howell,SP Crook,0,0,,,,,,"",""
ball,1,45.5,Gloucestershire,CN Miles,BAC Howell,SP Crook,0,0,,,,,,"",""
ball,1,45.6,Gloucestershire,CN Miles,BAC Howell,SP Crook,0,0,,,,,,caught,CN Miles
ball,1,46.1,Gloucestershire,BAC Howell,DA Payne,RK Kleinveldt,0,0,,,,,,"",""
ball,1,46.2,Gloucestershire,BAC Howell,DA Payne,RK Kleinveldt,0,0,,,,,,"",""
ball,1,46.3,Gloucestershire,BAC Howell,DA Payne,RK Kleinveldt,0,0,,,,,,"",""
ball,1,46.4,Gloucestershire,BAC Howell,DA Payne,RK Kleinveldt,2,0,,,,,,"",""
ball,1,46.5,Gloucestershire,BAC Howell,DA Payne,RK Kleinveldt,1,0,,,,,,"",""
ball,1,46.6,Gloucestershire,DA Payne,BAC Howell,RK Kleinveldt,0,0,,,,,,"",""
ball,1,47.1,Gloucestershire,BAC Howell,DA Payne,SP Crook,0,0,,,,,,"",""
ball,1,47.2,Gloucestershire,BAC Howell,DA Payne,SP Crook,4,0,,,,,,"",""
ball,1,47.3,Gloucestershire,BAC Howell,DA Payne,SP Crook,1,0,,,,,,"",""
ball,1,47.4,Gloucestershire,DA Payne,BAC Howell,SP Crook,0,0,,,,,,"",""
ball,1,47.5,Gloucestershire,DA Payne,BAC Howell,SP Crook,0,0,,,,,,"",""
ball,1,47.6,Gloucestershire,DA Payne,BAC Howell,SP Crook,0,0,,,,,,"",""
ball,1,48.1,Gloucestershire,BAC Howell,DA Payne,RK Kleinveldt,4,0,,,,,,"",""
ball,1,48.2,Gloucestershire,BAC Howell,DA Payne,RK Kleinveldt,2,0,,,,,,"",""
ball,1,48.3,Gloucestershire,BAC Howell,DA Payne,RK Kleinveldt,0,0,,,,,,"",""
ball,1,48.4,Gloucestershire,BAC Howell,DA Payne,RK Kleinveldt,0,0,,,,,,"",""
ball,1,48.5,Gloucestershire,BAC Howell,DA Payne,RK Kleinveldt,2,0,,,,,,"",""
ball,1,48.6,Gloucestershire,BAC Howell,DA Payne,RK Kleinveldt,0,0,,,,,,caught,BAC Howell
ball,2,0.1,Northamptonshire,JJ Cobb,DJ Willey,DA Payne,0,0,,,,,,"",""
ball,2,0.2,Northamptonshire,JJ Cobb,DJ Willey,DA Payne,1,0,,,,,,"",""
ball,2,0.3,Northamptonshire,DJ Willey,JJ Cobb,DA Payne,0,1,1,,,,,"",""
ball,2,0.4,Northamptonshire,DJ Willey,JJ Cobb,DA Payne,0,0,,,,,,"",""
ball,2,0.5,Northamptonshire,DJ Willey,JJ Cobb,DA Payne,0,0,,,,,,"",""
ball,2,0.6,Northamptonshire,DJ Willey,JJ Cobb,DA Payne,0,0,,,,,,"",""
ball,2,0.7,Northamptonshire,DJ Willey,JJ Cobb,DA Payne,0,0,,,,,,"",""
ball,2,1.1,Northamptonshire,JJ Cobb,DJ Willey,JK Fuller,0,1,1,,,,,"",""
ball,2,1.2,Northamptonshire,JJ Cobb,DJ Willey,JK Fuller,0,0,,,,,,"",""
ball,2,1.3,Northamptonshire,JJ Cobb,DJ Willey,JK Fuller,0,0,,,,,,"",""
ball,2,1.4,Northamptonshire,JJ Cobb,DJ Willey,JK Fuller,0,0,,,,,,"",""
ball,2,1.5,Northamptonshire,JJ Cobb,DJ Willey,JK Fuller,0,0,,,,,,"",""
ball,2,1.6,Northamptonshire,JJ Cobb,DJ Willey,JK Fuller,0,0,,,,,,"",""
ball,2,1.7,Northamptonshire,JJ Cobb,DJ Willey,JK Fuller,0,0,,,,,,"",""
ball,2,2.1,Northamptonshire,DJ Willey,JJ Cobb,DA Payne,0,0,,,,,,"",""
ball,2,2.2,Northamptonshire,DJ Willey,JJ Cobb,DA Payne,1,0,,,,,,"",""
ball,2,2.3,Northamptonshire,JJ Cobb,DJ Willey,DA Payne,2,0,,,,,,"",""
ball,2,2.4,Northamptonshire,JJ Cobb,DJ Willey,DA Payne,0,1,1,,,,,"",""
ball,2,2.5,Northamptonshire,JJ Cobb,DJ Willey,DA Payne,0,0,,,,,,"",""
ball,2,2.6,Northamptonshire,JJ Cobb,DJ Willey,DA Payne,1,0,,,,,,"",""
ball,2,2.7,Northamptonshire,DJ Willey,JJ Cobb,DA Payne,0,0,,,,,,"",""
ball,2,3.1,Northamptonshire,JJ Cobb,DJ Willey,JK Fuller,0,0,,,,,,"",""
ball,2,3.2,Northamptonshire,JJ Cobb,DJ Willey,JK Fuller,0,0,,,,,,"",""
ball,2,3.3,Northamptonshire,JJ Cobb,DJ Willey,JK Fuller,0,0,,,,,,"",""
ball,2,3.4,Northamptonshire,JJ Cobb,DJ Willey,JK Fuller,0,0,,,,,,"",""
ball,2,3.5,Northamptonshire,JJ Cobb,DJ Willey,JK Fuller,0,0,,,,,,"",""
ball,2,3.6,Northamptonshire,JJ Cobb,DJ Willey,JK Fuller,0,0,,,,,,"",""
ball,2,4.1,Northamptonshire,DJ Willey,JJ Cobb,DA Payne,0,1,1,,,,,"",""
ball,2,4.2,Northamptonshire,DJ Willey,JJ Cobb,DA Payne,0,0,,,,,,"",""
ball,2,4.3,Northamptonshire,DJ Willey,JJ Cobb,DA Payne,0,0,,,,,,"",""
ball,2,4.4,Northamptonshire,DJ Willey,JJ Cobb,DA Payne,0,0,,,,,,"",""
ball,2,4.5,Northamptonshire,DJ Willey,JJ Cobb,DA Payne,4,0,,,,,,"",""
ball,2,4.6,Northamptonshire,DJ Willey,JJ Cobb,DA Payne,4,0,,,,,,"",""
ball,2,4.7,Northamptonshire,DJ Willey,JJ Cobb,DA Payne,1,0,,,,,,"",""
ball,2,5.1,Northamptonshire,DJ Willey,JJ Cobb,JK Fuller,0,0,,,,,,"",""
ball,2,5.2,Northamptonshire,DJ Willey,JJ Cobb,JK Fuller,0,0,,,,,,"",""
ball,2,5.3,Northamptonshire,DJ Willey,JJ Cobb,JK Fuller,1,0,,,,,,"",""
ball,2,5.4,Northamptonshire,JJ Cobb,DJ Willey,JK Fuller,0,0,,,,,,"",""
ball,2,5.5,Northamptonshire,JJ Cobb,DJ Willey,JK Fuller,4,0,,,,,,"",""
ball,2,5.6,Northamptonshire,JJ Cobb,DJ Willey,JK Fuller,0,0,,,,,,"",""
ball,2,6.1,Northamptonshire,DJ Willey,JJ Cobb,DA Payne,0,0,,,,,,"",""
ball,2,6.2,Northamptonshire,DJ Willey,JJ Cobb,DA Payne,1,0,,,,,,"",""
ball,2,6.3,Northamptonshire,JJ Cobb,DJ Willey,DA Payne,0,0,,,,,,"",""
ball,2,6.4,Northamptonshire,JJ Cobb,DJ Willey,DA Payne,0,0,,,,,,"",""
ball,2,6.5,Northamptonshire,JJ Cobb,DJ Willey,DA Payne,2,0,,,,,,"",""
ball,2,6.6,Northamptonshire,JJ Cobb,DJ Willey,DA Payne,0,0,,,,,,"",""
ball,2,7.1,Northamptonshire,DJ Willey,JJ Cobb,JK Fuller,4,0,,,,,,"",""
ball,2,7.2,Northamptonshire,DJ Willey,JJ Cobb,JK Fuller,4,0,,,,,,"",""
ball,2,7.3,Northamptonshire,DJ Willey,JJ Cobb,JK Fuller,0,0,,,,,,"",""
ball,2,7.4,Northamptonshire,DJ Willey,JJ Cobb,JK Fuller,0,0,,,,,,"",""
ball,2,7.5,Northamptonshire,DJ Willey,JJ Cobb,JK Fuller,0,0,,,,,,"",""
ball,2,7.6,Northamptonshire,DJ Willey,JJ Cobb,JK Fuller,0,0,,,,,,"",""
ball,2,8.1,Northamptonshire,JJ Cobb,DJ Willey,CN Miles,0,0,,,,,,"",""
ball,2,8.2,Northamptonshire,JJ Cobb,DJ Willey,CN Miles,4,0,,,,,,"",""
ball,2,8.3,Northamptonshire,JJ Cobb,DJ Willey,CN Miles,1,0,,,,,,"",""
ball,2,8.4,Northamptonshire,DJ Willey,JJ Cobb,CN Miles,3,0,,,,,,"",""
ball,2,8.5,Northamptonshire,JJ Cobb,DJ Willey,CN Miles,0,0,,,,,,"",""
ball,2,8.6,Northamptonshire,JJ Cobb,DJ Willey,CN Miles,0,0,,,,,,"",""
ball,2,9.1,Northamptonshire,DJ Willey,JJ Cobb,JK Fuller,0,0,,,,,,"",""
ball,2,9.2,Northamptonshire,DJ Willey,JJ Cobb,JK Fuller,0,0,,,,,,"",""
ball,2,9.3,Northamptonshire,DJ Willey,JJ Cobb,JK Fuller,0,0,,,,,,"",""
ball,2,9.4,Northamptonshire,DJ Willey,JJ Cobb,JK Fuller,0,0,,,,,,"",""
ball,2,9.5,Northamptonshire,DJ Willey,JJ Cobb,JK Fuller,1,0,,,,,,"",""
ball,2,9.6,Northamptonshire,JJ Cobb,DJ Willey,JK Fuller,1,0,,,,,,"",""
ball,2,10.1,Northamptonshire,JJ Cobb,DJ Willey,CN Miles,1,0,,,,,,"",""
ball,2,10.2,Northamptonshire,DJ Willey,JJ Cobb,CN Miles,0,0,,,,,,"",""
ball,2,10.3,Northamptonshire,DJ Willey,JJ Cobb,CN Miles,4,0,,,,,,"",""
ball,2,10.4,Northamptonshire,DJ Willey,JJ Cobb,CN Miles,0,0,,,,,,"",""
ball,2,10.5,Northamptonshire,DJ Willey,JJ Cobb,CN Miles,0,0,,,,,,"",""
ball,2,10.6,Northamptonshire,DJ Willey,JJ Cobb,CN Miles,0,0,,,,,,"",""
ball,2,11.1,Northamptonshire,JJ Cobb,DJ Willey,JK Fuller,0,0,,,,,,"",""
ball,2,11.2,Northamptonshire,JJ Cobb,DJ Willey,JK Fuller,4,0,,,,,,"",""
ball,2,11.3,Northamptonshire,JJ Cobb,DJ Willey,JK Fuller,0,0,,,,,,"",""
ball,2,11.4,Northamptonshire,JJ Cobb,DJ Willey,JK Fuller,0,0,,,,,,"",""
ball,2,11.5,Northamptonshire,JJ Cobb,DJ Willey,JK Fuller,0,0,,,,,,"",""
ball,2,11.6,Northamptonshire,JJ Cobb,DJ Willey,JK Fuller,0,0,,,,,,"",""
ball,2,12.1,Northamptonshire,DJ Willey,JJ Cobb,CN Miles,1,0,,,,,,"",""
ball,2,12.2,Northamptonshire,JJ Cobb,DJ Willey,CN Miles,1,0,,,,,,"",""
ball,2,12.3,Northamptonshire,DJ Willey,JJ Cobb,CN Miles,1,0,,,,,,"",""
ball,2,12.4,Northamptonshire,JJ Cobb,DJ Willey,CN Miles,0,0,,,,,,"",""
ball,2,12.5,Northamptonshire,JJ Cobb,DJ Willey,CN Miles,4,0,,,,,,"",""
ball,2,12.6,Northamptonshire,JJ Cobb,DJ Willey,CN Miles,4,0,,,,,,"",""
ball,2,13.1,Northamptonshire,DJ Willey,JJ Cobb,JMR Taylor,0,0,,,,,,"",""
ball,2,13.2,Northamptonshire,DJ Willey,JJ Cobb,JMR Taylor,1,0,,,,,,"",""
ball,2,13.3,Northamptonshire,JJ Cobb,DJ Willey,JMR Taylor,0,0,,,,,,"",""
ball,2,13.4,Northamptonshire,JJ Cobb,DJ Willey,JMR Taylor,1,0,,,,,,"",""
ball,2,13.5,Northamptonshire,DJ Willey,JJ Cobb,JMR Taylor,0,0,,,,,,"",""
ball,2,13.6,Northamptonshire,DJ Willey,JJ Cobb,JMR Taylor,1,0,,,,,,"",""
ball,2,14.1,Northamptonshire,DJ Willey,JJ Cobb,CN Miles,0,0,,,,,,"",""
ball,2,14.2,Northamptonshire,DJ Willey,JJ Cobb,CN Miles,1,0,,,,,,"",""
ball,2,14.3,Northamptonshire,JJ Cobb,DJ Willey,CN Miles,0,0,,,,,,"",""
ball,2,14.4,Northamptonshire,JJ Cobb,DJ Willey,CN Miles,1,0,,,,,,"",""
ball,2,14.5,Northamptonshire,DJ Willey,JJ Cobb,CN Miles,1,0,,,,,,"",""
ball,2,14.6,Northamptonshire,JJ Cobb,DJ Willey,CN Miles,1,0,,,,,,"",""
ball,2,15.1,Northamptonshire,JJ Cobb,DJ Willey,JMR Taylor,1,0,,,,,,"",""
ball,2,15.2,Northamptonshire,DJ Willey,JJ Cobb,JMR Taylor,6,0,,,,,,"",""
ball,2,15.3,Northamptonshire,DJ Willey,JJ Cobb,JMR Taylor,1,0,,,,,,"",""
ball,2,15.4,Northamptonshire,JJ Cobb,DJ Willey,JMR Taylor,0,0,,,,,,"",""
ball,2,15.5,Northamptonshire,JJ Cobb,DJ Willey,JMR Taylor,0,0,,,,,,"",""
ball,2,15.6,Northamptonshire,JJ Cobb,DJ Willey,JMR Taylor,0,0,,,,,,"",""
ball,2,16.1,Northamptonshire,DJ Willey,JJ Cobb,BAC Howell,0,1,1,,,,,"",""
ball,2,16.2,Northamptonshire,DJ Willey,JJ Cobb,BAC Howell,0,0,,,,,,lbw,DJ Willey
ball,2,16.3,Northamptonshire,RE Levi,JJ Cobb,BAC Howell,0,0,,,,,,"",""
ball,2,16.4,Northamptonshire,RE Levi,JJ Cobb,BAC Howell,0,0,,,,,,"",""
ball,2,16.5,Northamptonshire,RE Levi,JJ Cobb,BAC Howell,0,0,,,,,,"",""
ball,2,16.6,Northamptonshire,RE Levi,JJ Cobb,BAC Howell,4,0,,,,,,"",""
ball,2,16.7,Northamptonshire,RE Levi,JJ Cobb,BAC Howell,0,0,,,,,,"",""
ball,2,17.1,Northamptonshire,JJ Cobb,RE Levi,JMR Taylor,1,0,,,,,,"",""
ball,2,17.2,Northamptonshire,RE Levi,JJ Cobb,JMR Taylor,0,0,,,,,,"",""
ball,2,17.3,Northamptonshire,RE Levi,JJ Cobb,JMR Taylor,1,0,,,,,,"",""
ball,2,17.4,Northamptonshire,JJ Cobb,RE Levi,JMR Taylor,0,0,,,,,,"",""
ball,2,17.5,Northamptonshire,JJ Cobb,RE Levi,JMR Taylor,1,0,,,,,,"",""
ball,2,17.6,Northamptonshire,RE Levi,JJ Cobb,JMR Taylor,0,0,,,,,,"",""
ball,2,18.1,Northamptonshire,JJ Cobb,RE Levi,BAC Howell,1,0,,,,,,"",""
ball,2,18.2,Northamptonshire,RE Levi,JJ Cobb,BAC Howell,0,0,,,,,,"",""
ball,2,18.3,Northamptonshire,RE Levi,JJ Cobb,BAC Howell,4,0,,,,,,"",""
ball,2,18.4,Northamptonshire,RE Levi,JJ Cobb,BAC Howell,4,0,,,,,,"",""
ball,2,18.5,Northamptonshire,RE Levi,JJ Cobb,BAC Howell,4,0,,,,,,"",""
ball,2,18.6,Northamptonshire,RE Levi,JJ Cobb,BAC Howell,0,0,,,,,,"",""
ball,2,19.1,Northamptonshire,JJ Cobb,RE Levi,JMR Taylor,0,0,,,,,,"",""
ball,2,19.2,Northamptonshire,JJ Cobb,RE Levi,JMR Taylor,0,0,,,,,,"",""
ball,2,19.3,Northamptonshire,JJ Cobb,RE Levi,JMR Taylor,0,0,,,,,,"",""
ball,2,19.4,Northamptonshire,JJ Cobb,RE Levi,JMR Taylor,0,0,,,,,,"",""
ball,2,19.5,Northamptonshire,JJ Cobb,RE Levi,JMR Taylor,1,0,,,,,,"",""
ball,2,19.6,Northamptonshire,RE Levi,JJ Cobb,JMR Taylor,1,0,,,,,,"",""
ball,2,20.1,Northamptonshire,RE Levi,JJ Cobb,BAC Howell,0,0,,,,,,"",""
ball,2,20.2,Northamptonshire,RE Levi,JJ Cobb,BAC Howell,0,0,,,,,,"",""
ball,2,20.3,Northamptonshire,RE Levi,JJ Cobb,BAC Howell,1,0,,,,,,"",""
ball,2,20.4,Northamptonshire,JJ Cobb,RE Levi,BAC Howell,1,0,,,,,,"",""
ball,2,20.5,Northamptonshire,RE Levi,JJ Cobb,BAC Howell,6,0,,,,,,"",""
ball,2,20.6,Northamptonshire,RE Levi,JJ Cobb,BAC Howell,0,0,,,,,,"",""
ball,2,21.1,Northamptonshire,JJ Cobb,RE Levi,JMR Taylor,1,0,,,,,,"",""
ball,2,21.2,Northamptonshire,RE Levi,JJ Cobb,JMR Taylor,0,0,,,,,,lbw,RE Levi
ball,2,21.3,Northamptonshire,BM Duckett,JJ Cobb,JMR Taylor,4,0,,,,,,"",""
ball,2,21.4,Northamptonshire,BM Duckett,JJ Cobb,JMR Taylor,1,0,,,,,,"",""
ball,2,21.5,Northamptonshire,JJ Cobb,BM Duckett,JMR Taylor,1,0,,,,,,"",""
ball,2,21.6,Northamptonshire,BM Duckett,JJ Cobb,JMR Taylor,1,0,,,,,,"",""
ball,2,22.1,Northamptonshire,BM Duckett,JJ Cobb,DA Payne,1,0,,,,,,"",""
ball,2,22.2,Northamptonshire,JJ Cobb,BM Duckett,DA Payne,0,0,,,,,,"",""
ball,2,22.3,Northamptonshire,JJ Cobb,BM Duckett,DA Payne,4,0,,,,,,"",""
ball,2,22.4,Northamptonshire,JJ Cobb,BM Duckett,DA Payne,0,0,,,,,,"",""
ball,2,22.5,Northamptonshire,JJ Cobb,BM Duckett,DA Payne,4,0,,,,,,"",""
ball,2,22.6,Northamptonshire,JJ Cobb,BM Duckett,DA Payne,0,0,,,,,,"",""
ball,2,23.1,Northamptonshire,BM Duckett,JJ Cobb,JMR Taylor,0,0,,,,,,"",""
ball,2,23.2,Northamptonshire,BM Duckett,JJ Cobb,JMR Taylor,2,0,,,,,,"",""
ball,2,23.3,Northamptonshire,BM Duckett,JJ Cobb,JMR Taylor,1,0,,,,,,"",""
ball,2,23.4,Northamptonshire,JJ Cobb,BM Duckett,JMR Taylor,1,0,,,,,,"",""
ball,2,23.5,Northamptonshire,BM Duckett,JJ Cobb,JMR Taylor,0,0,,,,,,"",""
ball,2,23.6,Northamptonshire,BM Duckett,JJ Cobb,JMR Taylor,0,0,,,,,,"",""
ball,2,24.1,Northamptonshire,JJ Cobb,BM Duckett,DA Payne,4,0,,,,,,"",""
ball,2,24.2,Northamptonshire,JJ Cobb,BM Duckett,DA Payne,1,0,,,,,,"",""
ball,2,24.3,Northamptonshire,BM Duckett,JJ Cobb,DA Payne,0,0,,,,,,"",""
ball,2,24.4,Northamptonshire,BM Duckett,JJ Cobb,DA Payne,0,0,,,,,,"",""
ball,2,24.5,Northamptonshire,BM Duckett,JJ Cobb,DA Payne,0,0,,,,,,"",""
ball,2,24.6,Northamptonshire,BM Duckett,JJ Cobb,DA Payne,1,0,,,,,,"",""
ball,2,25.1,Northamptonshire,BM Duckett,JJ Cobb,JMR Taylor,0,0,,,,,,"",""
ball,2,25.2,Northamptonshire,BM Duckett,JJ Cobb,JMR Taylor,0,0,,,,,,caught and bowled,BM Duckett
ball,2,25.3,Northamptonshire,AG Wakely,JJ Cobb,JMR Taylor,1,0,,,,,,"",""
ball,2,25.4,Northamptonshire,JJ Cobb,AG Wakely,JMR Taylor,0,0,,,,,,"",""
ball,2,25.5,Northamptonshire,JJ Cobb,AG Wakely,JMR Taylor,1,0,,,,,,"",""
ball,2,25.6,Northamptonshire,AG Wakely,JJ Cobb,JMR Taylor,0,0,,,,,,"",""
ball,2,26.1,Northamptonshire,JJ Cobb,AG Wakely,DA Payne,0,0,,,,,,"",""
ball,2,26.2,Northamptonshire,JJ Cobb,AG Wakely,DA Payne,0,0,,,,,,"",""
ball,2,26.3,Northamptonshire,JJ Cobb,AG Wakely,DA Payne,1,0,,,,,,"",""
ball,2,26.4,Northamptonshire,AG Wakely,JJ Cobb,DA Payne,0,0,,,,,,"",""
ball,2,26.5,Northamptonshire,AG Wakely,JJ Cobb,DA Payne,0,0,,,,,,"",""
ball,2,26.6,Northamptonshire,AG Wakely,JJ Cobb,DA Payne,0,0,,,,,,"",""
ball,2,27.1,Northamptonshire,JJ Cobb,AG Wakely,JMR Taylor,0,0,,,,,,"",""
ball,2,27.2,Northamptonshire,JJ Cobb,AG Wakely,JMR Taylor,0,0,,,,,,"",""
ball,2,27.3,Northamptonshire,JJ Cobb,AG Wakely,JMR Taylor,0,0,,,,,,"",""
ball,2,27.4,Northamptonshire,JJ Cobb,AG Wakely,JMR Taylor,0,0,,,,,,"",""
ball,2,27.5,Northamptonshire,JJ Cobb,AG Wakely,JMR Taylor,1,0,,,,,,"",""
ball,2,27.6,Northamptonshire,AG Wakely,JJ Cobb,JMR Taylor,0,0,,,,,,"",""
ball,2,28.1,Northamptonshire,JJ Cobb,AG Wakely,Miles Hammond,0,0,,,,,,"",""
ball,2,28.2,Northamptonshire,JJ Cobb,AG Wakely,Miles Hammond,0,0,,,,,,"",""
ball,2,28.3,Northamptonshire,JJ Cobb,AG Wakely,Miles Hammond,0,0,,,,,,caught,JJ Cobb
ball,2,28.4,Northamptonshire,AG Wakely,RI Keogh,Miles Hammond,1,0,,,,,,"",""
ball,2,28.5,Northamptonshire,RI Keogh,AG Wakely,Miles Hammond,0,0,,,,,,"",""
ball,2,28.6,Northamptonshire,RI Keogh,AG Wakely,Miles Hammond,0,0,,,,,,"",""
ball,2,29.1,Northamptonshire,AG Wakely,RI Keogh,JMR Taylor,1,0,,,,,,"",""
ball,2,29.2,Northamptonshire,RI Keogh,AG Wakely,JMR Taylor,0,0,,,,,,"",""
ball,2,29.3,Northamptonshire,RI Keogh,AG Wakely,JMR Taylor,0,0,,,,,,caught and bowled,RI Keogh
ball,2,29.4,Northamptonshire,SP Crook,AG Wakely,JMR Taylor,0,0,,,,,,"",""
ball,2,29.5,Northamptonshire,SP Crook,AG Wakely,JMR Taylor,1,0,,,,,,"",""
ball,2,29.6,Northamptonshire,AG Wakely,SP Crook,JMR Taylor,0,0,,,,,,"",""
ball,2,30.1,Northamptonshire,SP Crook,AG Wakely,Miles Hammond,0,0,,,,,,"",""
ball,2,30.2,Northamptonshire,SP Crook,AG Wakely,Miles Hammond,0,0,,,,,,"",""
ball,2,30.3,Northamptonshire,SP Crook,AG Wakely,Miles Hammond,0,0,,,,,,"",""
ball,2,30.4,Northamptonshire,SP Crook,AG Wakely,Miles Hammond,0,1,1,,,,,"",""
ball,2,30.5,Northamptonshire,SP Crook,AG Wakely,Miles Hammond,1,0,,,,,,"",""
ball,2,30.6,Northamptonshire,AG Wakely,SP Crook,Miles Hammond,1,0,,,,,,"",""
ball,2,30.7,Northamptonshire,SP Crook,AG Wakely,Miles Hammond,0,0,,,,,,"",""
ball,2,31.1,Northamptonshire,AG Wakely,SP Crook,JMR Taylor,4,0,,,,,,"",""
ball,2,31.2,Northamptonshire,AG Wakely,SP Crook,JMR Taylor,1,0,,,,,,"",""
ball,2,31.3,Northamptonshire,SP Crook,AG Wakely,JMR Taylor,6,0,,,,,,"",""
ball,2,31.4,Northamptonshire,SP Crook,AG Wakely,JMR Taylor,0,0,,,,,,"",""
ball,2,31.5,Northamptonshire,SP Crook,AG Wakely,JMR Taylor,0,0,,,,,,"",""
ball,2,31.6,Northamptonshire,SP Crook,AG Wakely,JMR Taylor,1,0,,,,,,"",""
ball,2,32.1,Northamptonshire,SP Crook,AG Wakely,BAC Howell,1,0,,,,,,"",""
ball,2,32.2,Northamptonshire,AG Wakely,SP Crook,BAC Howell,1,0,,,,,,"",""
ball,2,32.3,Northamptonshire,SP Crook,AG Wakely,BAC Howell,0,0,,,,,,"",""
ball,2,32.4,Northamptonshire,SP Crook,AG Wakely,BAC Howell,4,0,,,,,,"",""
ball,2,32.5,Northamptonshire,SP Crook,AG Wakely,BAC Howell,1,0,,,,,,"",""
ball,2,32.6,Northamptonshire,AG Wakely,SP Crook,BAC Howell,0,0,,,,,,"",""
ball,2,33.1,Northamptonshire,SP Crook,AG Wakely,Miles Hammond,4,0,,,,,,"",""
ball,2,33.2,Northamptonshire,SP Crook,AG Wakely,Miles Hammond,0,0,,,,,,caught,SP Crook
ball,2,33.3,Northamptonshire,KJ Coetzer,AG Wakely,Miles Hammond,0,0,,,,,,"",""
ball,2,33.4,Northamptonshire,KJ Coetzer,AG Wakely,Miles Hammond,0,0,,,,,,"",""
ball,2,33.5,Northamptonshire,KJ Coetzer,AG Wakely,Miles Hammond,0,0,,,,,,"",""
ball,2,33.6,Northamptonshire,KJ Coetzer,AG Wakely,Miles Hammond,1,0,,,,,,"",""
ball,2,34.1,Northamptonshire,KJ Coetzer,AG Wakely,JK Fuller,2,0,,,,,,"",""
ball,2,34.2,Northamptonshire,KJ Coetzer,AG Wakely,JK Fuller,0,0,,,,,,"",""
ball,2,34.3,Northamptonshire,KJ Coetzer,AG Wakely,JK Fuller,0,0,,,,,,"",""
ball,2,34.4,Northamptonshire,KJ Coetzer,AG Wakely,JK Fuller,1,0,,,,,,"",""
ball,2,34.5,Northamptonshire,AG Wakely,KJ Coetzer,JK Fuller,0,0,,,,,,"",""
ball,2,34.6,Northamptonshire,AG Wakely,KJ Coetzer,JK Fuller,0,0,,,,,,"",""
ball,2,35.1,Northamptonshire,KJ Coetzer,AG Wakely,Miles Hammond,0,0,,,,,,"",""
ball,2,35.2,Northamptonshire,KJ Coetzer,AG Wakely,Miles Hammond,0,0,,,,,,"",""
ball,2,35.3,Northamptonshire,KJ Coetzer,AG Wakely,Miles Hammond,1,0,,,,,,"",""
ball,2,35.4,Northamptonshire,AG Wakely,KJ Coetzer,Miles Hammond,0,0,,,,,,"",""
ball,2,35.5,Northamptonshire,AG Wakely,KJ Coetzer,Miles Hammond,0,0,,,,,,"",""
ball,2,35.6,Northamptonshire,AG Wakely,KJ Coetzer,Miles Hammond,1,0,,,,,,"",""
ball,2,36.1,Northamptonshire,AG Wakely,KJ Coetzer,JK Fuller,2,0,,,,,,"",""
ball,2,36.2,Northamptonshire,AG Wakely,KJ Coetzer,JK Fuller,0,0,,,,,,"",""
ball,2,36.3,Northamptonshire,AG Wakely,KJ Coetzer,JK Fuller,4,0,,,,,,"",""
ball,2,36.4,Northamptonshire,AG Wakely,KJ Coetzer,JK Fuller,1,0,,,,,,"",""
ball,2,36.5,Northamptonshire,KJ Coetzer,AG Wakely,JK Fuller,0,0,,,,,,"",""
ball,2,36.6,Northamptonshire,KJ Coetzer,AG Wakely,JK Fuller,6,0,,,,,,"",""
ball,2,37.1,Northamptonshire,AG Wakely,KJ Coetzer,Miles Hammond,0,0,,,,,,"",""
ball,2,37.2,Northamptonshire,AG Wakely,KJ Coetzer,Miles Hammond,0,0,,,,,,"",""
ball,2,37.3,Northamptonshire,AG Wakely,KJ Coetzer,Miles Hammond,0,0,,,,,,"",""
ball,2,37.4,Northamptonshire,AG Wakely,KJ Coetzer,Miles Hammond,0,0,,,,,,"",""
ball,2,37.5,Northamptonshire,AG Wakely,KJ Coetzer,Miles Hammond,0,0,,,,,,"",""
ball,2,37.6,Northamptonshire,AG Wakely,KJ Coetzer,Miles Hammond,1,0,,,,,,"",""
ball,2,38.1,Northamptonshire,AG Wakely,KJ Coetzer,CDJ Dent,0,0,,,,,,"",""
ball,2,38.2,Northamptonshire,AG Wakely,KJ Coetzer,CDJ Dent,0,0,,,,,,"",""
ball,2,38.3,Northamptonshire,AG Wakely,KJ Coetzer,CDJ Dent,0,0,,,,,,"",""
ball,2,38.4,Northamptonshire,AG Wakely,KJ Coetzer,CDJ Dent,1,0,,,,,,"",""
ball,2,38.5,Northamptonshire,KJ Coetzer,AG Wakely,CDJ Dent,4,0,,,,,,"",""
ball,2,38.6,Northamptonshire,KJ Coetzer,AG Wakely,CDJ Dent,1,0,,,,,,"",""
ball,2,39.1,Northamptonshire,KJ Coetzer,AG Wakely,Miles Hammond,2,0,,,,,,"",""
ball,2,39.2,Northamptonshire,KJ Coetzer,AG Wakely,Miles Hammond,0,0,,,,,,"",""
ball,2,39.3,Northamptonshire,KJ Coetzer,AG Wakely,Miles Hammond,0,1,,,,1,,"",""
ball,2,39.4,Northamptonshire,AG Wakely,KJ Coetzer,Miles Hammond,0,1,,,,1,,"",""
ball,2,39.5,Northamptonshire,KJ Coetzer,AG Wakely,Miles Hammond,4,0,,,,,,"",""
ball,2,39.6,Northamptonshire,KJ Coetzer,AG Wakely,Miles Hammond,0,0,,,,,,"",""
ball,2,40.1,Northamptonshire,AG Wakely,KJ Coetzer,CDJ Dent,0,0,,,,,,"",""
ball,2,40.2,Northamptonshire,AG Wakely,KJ Coetzer,CDJ Dent,6,0,,,,,,"",""
ball,2,40.3,Northamptonshire,AG Wakely,KJ Coetzer,CDJ Dent,0,0,,,,,,"",""
ball,2,40.4,Northamptonshire,AG Wakely,KJ Coetzer,CDJ Dent,1,0,,,,,,"",""
ball,2,40.5,Northamptonshire,KJ Coetzer,AG Wakely,CDJ Dent,0,1,1,,,,,"",""
ball,2,40.6,Northamptonshire,KJ Coetzer,AG Wakely,CDJ Dent,1,0,,,,,,"",""
ball,2,40.7,Northamptonshire,AG Wakely,KJ Coetzer,CDJ Dent,4,0,,,,,,"",""
